"distance","sub_col","yvar","SE","df","LCL","UCL","tvar","xvar"
0,"Acc_B_1",0.0728579069591351,0.0646279665999549,680.650826163465,-0.0540362219795563,0.199752035897826,"0","Acc_B_1"
1,"Acc_B_1",0.0761661141175622,0.0643478720109333,677.182199390192,-0.0501792143786449,0.202511442613769,"1","Acc_B_1"
2,"Acc_B_1",0.0794743212759893,0.0640683738448271,673.694008621529,-0.0463233862272434,0.205272028779222,"2","Acc_B_1"
3,"Acc_B_1",0.0827825284344164,0.0637894799414456,670.18642362287,-0.0424687530417183,0.208033809910551,"3","Acc_B_1"
4,"Acc_B_1",0.0860907355928436,0.0635111982612054,666.659624125454,-0.0386153305766932,0.21079680176238,"4","Acc_B_1"
5,"Acc_B_1",0.0893989427512707,0.0632335368870245,663.113800013687,-0.0347631348287529,0.213561020331294,"5","Acc_B_1"
6,"Acc_B_1",0.0927071499096978,0.062956504026238,659.549151509271,-0.0309121820401907,0.216326481859586,"6","Acc_B_1"
7,"Acc_B_1",0.0960153570681249,0.0626801080125366,655.965889354292,-0.0270624887027942,0.219093202839044,"7","Acc_B_1"
8,"Acc_B_1",0.0993235642265521,0.0624043573079258,652.364234989719,-0.0232140715616727,0.221861200014777,"8","Acc_B_1"
9,"Acc_B_1",0.102631771384979,0.0621292605047074,648.74442073187,-0.0193669476191224,0.224630490389081,"9","Acc_B_1"
10,"Acc_B_1",0.105939978543406,0.0618548263274807,645.106689944184,-0.0155211341385304,0.227401091225343,"10","Acc_B_1"
11,"Acc_B_1",0.109248185701833,0.0615810636351655,641.451297205307,-0.0116766486483159,0.230173020051983,"11","Acc_B_1"
12,"Acc_B_1",0.112556392860261,0.0613079814230439,637.778508472663,-0.00783350894590711,0.232946294666428,"12","Acc_B_1"
13,"Acc_B_1",0.115864600018688,0.0610355888248224,634.088601241613,-0.00399173310175267,0.235720933139128,"13","Acc_B_1"
14,"Acc_B_1",0.119172807177115,0.0607638951147123,630.381864698078,-0.000151339463367525,0.238496953817597,"14","Acc_B_1"
15,"Acc_B_1",0.122481014335542,0.060492909709529,626.65859986691,0.00368765334059004,0.241274375330494,"15","Acc_B_1"
16,"Acc_B_1",0.125789221493969,0.0602226421708081,622.91911975336,0.00752522639621059,0.244053216591728,"16","Acc_B_1"
17,"Acc_B_1",0.129097428652396,0.0599531022069388,619.163749477896,0.0113613605001968,0.246833496804596,"17","Acc_B_1"
18,"Acc_B_1",0.132405635810823,0.0596842996753133,615.392826404734,0.0151960361556999,0.249615235465947,"18","Acc_B_1"
19,"Acc_B_1",0.13571384296925,0.0594162445844909,611.606700262019,0.0190292335681313,0.25239845237037,"19","Acc_B_1"
20,"Acc_B_1",0.139022050127678,0.0591489470963768,607.805733254998,0.0228609326409507,0.255183167614404,"20","Acc_B_1"
21,"Acc_B_1",0.142330257286105,0.0588824175284134,603.990300170226,0.0266911129714345,0.257969401600775,"21","Acc_B_1"
22,"Acc_B_1",0.145638464444532,0.0586166663557842,600.160788471278,0.0305197538464251,0.260757175042639,"22","Acc_B_1"
23,"Acc_B_1",0.148946671602959,0.058351704213628,596.317598384938,0.0343468342380653,0.263546508967853,"23","Acc_B_1"
24,"Acc_B_1",0.152254878761386,0.058087541899263,592.46114297824,0.0381723327995193,0.266337424723253,"24","Acc_B_1"
25,"Acc_B_1",0.155563085919813,0.0578241903744189,588.591848224484,0.0419962278606844,0.269129943978942,"25","Acc_B_1"
26,"Acc_B_1",0.15887129307824,0.0575616607674755,584.710153059323,0.0458184974238956,0.271924088732585,"26","Acc_B_1"
27,"Acc_B_1",0.162179500236667,0.0572999643757071,580.816509425216,0.0496391191596269,0.274719881313708,"27","Acc_B_1"
28,"Acc_B_1",0.165487707395095,0.05703911266753,576.911382304522,0.0534580704021928,0.277517344387996,"28","Acc_B_1"
29,"Acc_B_1",0.168795914553522,0.0567791172847513,572.99524974055,0.0572753281454536,0.28031650096159,"29","Acc_B_1"
30,"Acc_B_1",0.172104121711949,0.0565199900448187,569.068602846076,0.0610908690385289,0.283117374385369,"30","Acc_B_1"
31,"Acc_B_1",0.175412328870376,0.0562617429430671,565.131945798821,0.0649046693815231,0.285919988359229,"31","Acc_B_1"
32,"Acc_B_1",0.178720536028803,0.0560043881549616,561.185795823494,0.0687167051212674,0.288724366936339,"32","Acc_B_1"
33,"Acc_B_1",0.18202874318723,0.0557479380383341,557.230683160421,0.0725269518470832,0.291530534527377,"33","Acc_B_1"
34,"Acc_B_1",0.185336950345657,0.0554924051356109,553.267151019284,0.0763353847865722,0.294338515904742,"34","Acc_B_1"
35,"Acc_B_1",0.188645157504084,0.0552378021760288,549.295755518783,0.0801419788014372,0.297148336206732,"35","Acc_B_1"
36,"Acc_B_1",0.191953364662512,0.0549841420778383,545.317065610813,0.0839467083833406,0.299960020941683,"36","Acc_B_1"
37,"Acc_B_1",0.195261571820939,0.0547314379504889,541.331662989876,0.087749547649806,0.302773595992071,"37","Acc_B_1"
38,"Acc_B_1",0.198569778979366,0.0544797030967957,537.340141985699,0.0915504703401676,0.305589087618564,"38","Acc_B_1"
39,"Acc_B_1",0.201877986137793,0.0542289510150833,533.343109440932,0.0953494498115765,0.308406522464009,"39","Acc_B_1"
40,"Acc_B_1",0.20518619329622,0.0539791954013034,529.341184571521,0.099146459035068,0.311225927557372,"40","Acc_B_1"
41,"Acc_B_1",0.208494400454647,0.0537304501511235,525.334998811001,0.102941470591698,0.314047330317596,"41","Acc_B_1"
42,"Acc_B_1",0.211802607613074,0.0534827293619832,521.325195637314,0.106734456668758,0.31687075855739,"42","Acc_B_1"
43,"Acc_B_1",0.215110814771502,0.0532360473351131,517.312430382879,0.11052538905607,0.319696240486933,"43","Acc_B_1"
44,"Acc_B_1",0.218419021929929,0.0529904185775142,513.29737002705,0.114314239142377,0.32252380471748,"44","Acc_B_1"
45,"Acc_B_1",0.221727229088356,0.0527458578038921,509.280692971218,0.118100977911836,0.325353480264876,"45","Acc_B_1"
46,"Acc_B_1",0.225035436246783,0.0525023799385432,505.263088795584,0.121885575940615,0.328185296552951,"46","Acc_B_1"
47,"Acc_B_1",0.22834364340521,0.0522600001171869,501.245257999341,0.125668003393613,0.331019283416808,"47","Acc_B_1"
48,"Acc_B_1",0.231651850563637,0.0520187336887405,497.227911721623,0.129448230021306,0.333855471105969,"48","Acc_B_1"
49,"Acc_B_1",0.234960057722064,0.0517785962170308,493.21177144534,0.133226225156733,0.336693890287395,"49","Acc_B_1"
50,"Acc_B_1",0.238268264880491,0.0515396034824389,489.197568683465,0.137001957712631,0.339534572048351,"50","Acc_B_1"
51,"Acc_B_1",0.241576472038919,0.0513017714834706,485.186044646378,0.140775396178724,0.342377547899113,"51","Acc_B_1"
52,"Acc_B_1",0.244884679197346,0.051065116438249,481.177949892511,0.144546508619188,0.345222849775503,"52","Acc_B_1"
53,"Acc_B_1",0.248192886355773,0.0508296547859231,477.174043961074,0.148315262670296,0.34807051004125,"53","Acc_B_1"
54,"Acc_B_1",0.2515010935142,0.0505954031879853,473.175094987321,0.152081625538257,0.350920561490143,"54","Acc_B_1"
55,"Acc_B_1",0.254809300672627,0.0503623785294933,469.181879300767,0.155845563997259,0.353773037347995,"55","Acc_B_1"
56,"Acc_B_1",0.258117507831054,0.0501305979201888,465.195181006535,0.159607044387738,0.35662797127437,"56","Acc_B_1"
57,"Acc_B_1",0.261425714989481,0.049900078695507,461.215791550319,0.163366032614867,0.359485397364096,"57","Acc_B_1"
58,"Acc_B_1",0.264733922147908,0.0496708384174703,457.244509266817,0.167122494147302,0.362345350148515,"58","Acc_B_1"
59,"Acc_B_1",0.268042129306336,0.049442894875458,453.282138913177,0.170876394016185,0.365207864596486,"59","Acc_B_1"
60,"Acc_B_1",0.271350336464763,0.0492162660868459,449.329491186588,0.174627696814418,0.368072976115107,"60","Acc_B_1"
61,"Acc_B_1",0.27465854362319,0.0489909702975084,445.38738222745,0.178376366696227,0.370940720550153,"61","Acc_B_1"
62,"Acc_B_1",0.277966750781617,0.0487670259821734,441.456633108606,0.182122367377035,0.373811134186198,"62","Acc_B_1"
63,"Acc_B_1",0.281274957940044,0.0485444518446247,437.538069311155,0.185865662133651,0.376684253746437,"63","Acc_B_1"
64,"Acc_B_1",0.284583165098471,0.0483232668177421,433.632520187396,0.189606213804793,0.37956011639215,"64","Acc_B_1"
65,"Acc_B_1",0.287891372256898,0.0481034900633706,429.740818411668,0.193343984791969,0.382438759721828,"65","Acc_B_1"
66,"Acc_B_1",0.291199579415325,0.0478851409720111,425.863799420582,0.197078937060725,0.385320221769926,"66","Acc_B_1"
67,"Acc_B_1",0.294507786573753,0.0476682391623234,422.002300842239,0.200811032142278,0.388204541005227,"67","Acc_B_1"
68,"Acc_B_1",0.29781599373218,0.0474528044804313,418.157161916434,0.204540231135551,0.391091756328808,"68","Acc_B_1"
69,"Acc_B_1",0.301124200890607,0.0472388569990226,414.329222906273,0.208266494709638,0.393981907071576,"69","Acc_B_1"
70,"Acc_B_1",0.304432408049034,0.0470264170162332,410.519324502136,0.211989783106695,0.396875032991373,"70","Acc_B_1"
71,"Acc_B_1",0.307740615207461,0.0468155050543057,406.728307219177,0.215710056145302,0.39977117426962,"71","Acc_B_1"
72,"Acc_B_1",0.311048822365888,0.0466061418580134,402.957010789624,0.219427273224291,0.402670371507486,"72","Acc_B_1"
73,"Acc_B_1",0.314357029524315,0.0463983483928395,399.206273550107,0.223141393327073,0.405572665721557,"73","Acc_B_1"
74,"Acc_B_1",0.317665236682742,0.046192145842901,395.476931826614,0.22685237502648,0.408478098339005,"74","Acc_B_1"
75,"Acc_B_1",0.32097344384117,0.0459875556086085,391.769819316588,0.230560176490132,0.411386711192207,"75","Acc_B_1"
76,"Acc_B_1",0.324281650999597,0.0457845993040496,388.085766470702,0.234264755486363,0.414298546512831,"76","Acc_B_1"
77,"Acc_B_1",0.327589858158024,0.0455832987540874,384.425599874698,0.237966069390711,0.417213646925337,"77","Acc_B_1"
78,"Acc_B_1",0.330898065316451,0.0453836759911633,380.790141632957,0.241664075193,0.420132055439901,"78","Acc_B_1"
79,"Acc_B_1",0.334206272474878,0.0451857532517926,377.180208754705,0.24535872950503,0.423053815444726,"79","Acc_B_1"
80,"Acc_B_1",0.337514479633305,0.0449895529727443,373.596612544568,0.249049988568886,0.425978970697725,"80","Acc_B_1"
81,"Acc_B_1",0.340822686791732,0.0447950977868935,370.040157998408,0.252737808265899,0.428907565317565,"81","Acc_B_1"
82,"Acc_B_1",0.344130893950159,0.0446024105187356,366.511643205614,0.25642214412627,0.431839643774048,"82","Acc_B_1"
83,"Acc_B_1",0.347439101108587,0.0444115141795547,363.011858759706,0.260102951339365,0.434775250877808,"83","Acc_B_1"
84,"Acc_B_1",0.350747308267014,0.044222431962232,359.541587177868,0.263780184764716,0.437714431769311,"84","Acc_B_1"
85,"Acc_B_1",0.354055515425441,0.044035187235689,356.101602331074,0.267453798943732,0.440657231907149,"85","Acc_B_1"
86,"Acc_B_1",0.357363722583868,0.0438498035389514,352.692668885974,0.271123748112143,0.443603697055593,"86","Acc_B_1"
87,"Acc_B_1",0.360671929742295,0.0436663045748271,349.315541759623,0.274789986213186,0.446553873271404,"87","Acc_B_1"
88,"Acc_B_1",0.363980136900722,0.0434847142031886,345.970965588592,0.278452466911554,0.44950780688989,"88","Acc_B_1"
89,"Acc_B_1",0.367288344059149,0.0433050564338498,342.659674213377,0.282111143608122,0.452465544510176,"89","Acc_B_1"
90,"Acc_B_1",0.370596551217576,0.0431273554190299,339.382390179312,0.285765969455454,0.455427132979699,"90","Acc_B_1"
91,"Acc_B_1",0.373904758376004,0.0429516354453964,336.139824255178,0.289416897374112,0.458392619377895,"91","Acc_B_1"
92,"Acc_B_1",0.377212965534431,0.0427779209256788,332.932674970556,0.293063880069783,0.461362050999078,"92","Acc_B_1"
93,"Acc_B_1",0.380521172692858,0.0426062363898469,329.761628172967,0.296706870051209,0.464335475334506,"93","Acc_B_1"
94,"Acc_B_1",0.383829379851285,0.042436606475847,326.627356605641,0.300345819648963,0.467312940053607,"94","Acc_B_1"
95,"Acc_B_1",0.387137587009712,0.0422690559198898,323.530519507216,0.303980681035044,0.47029449298438,"95","Acc_B_1"
96,"Acc_B_1",0.390445794168139,0.0421036095462864,320.471762233739,0.307611406243326,0.473280182092952,"96","Acc_B_1"
97,"Acc_B_1",0.393754001326566,0.0419402922568262,317.45171590409,0.311237947190837,0.476270055462296,"97","Acc_B_1"
98,"Acc_B_1",0.397062208484993,0.0417791290196954,314.47099706965,0.314860255699893,0.479264161270094,"98","Acc_B_1"
99,"Acc_B_1",0.400370415643421,0.0416201448579314,311.530207408557,0.318478283521072,0.482262547765769,"99","Acc_B_1"
100,"Acc_B_1",0.403678622801848,0.0414633648374144,308.629933445425,0.322091982357034,0.485265263246662,"100","Acc_B_1"
101,"Acc_B_1",0.406986829960275,0.0413088140543923,305.770746296916,0.325701303887176,0.488272356033374,"101","Acc_B_1"
102,"Acc_B_1",0.410295037118702,0.0411565176225429,302.953201443748,0.329306199793124,0.49128387444428,"102","Acc_B_1"
103,"Acc_B_1",0.413603244277129,0.0410065006595723,300.177838529291,0.332906621785045,0.494299866769213,"103","Acc_B_1"
104,"Acc_B_1",0.416911451435556,0.0408587882733545,297.445181185242,0.336502521628775,0.497320381242337,"104","Acc_B_1"
105,"Acc_B_1",0.420219658593983,0.0407134055476155,294.75573688443,0.340093851173745,0.500345466014221,"105","Acc_B_1"
106,"Acc_B_1",0.42352786575241,0.0405703775271675,292.109996820983,0.343680562381693,0.503375169123128,"106","Acc_B_1"
107,"Acc_B_1",0.426836072910838,0.0404297292027004,289.508435817782,0.347262607356134,0.506409538465542,"107","Acc_B_1"
108,"Acc_B_1",0.430144280069265,0.0402914854951386,286.951512261242,0.350839938372586,0.509448621765943,"108","Acc_B_1"
109,"Acc_B_1",0.433452487227692,0.0401556712395738,284.439668063138,0.354412507909509,0.512492466545874,"109","Acc_B_1"
110,"Acc_B_1",0.436760694386119,0.0400223111687843,281.973328649428,0.357980268679934,0.515541120092304,"110","Acc_B_1"
111,"Acc_B_1",0.440068901544546,0.0398914298963543,279.552902975592,0.361543173663765,0.518594629425327,"111","Acc_B_1"
112,"Acc_B_1",0.443377108702973,0.0397630518994078,277.178783568143,0.365101176140707,0.521653041265239,"112","Acc_B_1"
113,"Acc_B_1",0.4466853158614,0.039637201500973,274.851346591904,0.368654229723791,0.52471640199901,"113","Acc_B_1"
114,"Acc_B_1",0.449993523019827,0.0395139028519959,272.570951942223,0.37220228839346,0.527784757646195,"114","Acc_B_1"
115,"Acc_B_1",0.453301730178255,0.0393931799130217,270.337943361878,0.375745306532172,0.530858153824337,"115","Acc_B_1"
116,"Acc_B_1",0.456609937336682,0.0392750564355663,268.152648581545,0.379283238959475,0.533936635713889,"116","Acc_B_1"
117,"Acc_B_1",0.459918144495109,0.0391595559432002,266.015379483295,0.382816040967509,0.537020248022709,"117","Acc_B_1"
118,"Acc_B_1",0.463226351653536,0.0390467017123704,263.926432286095,0.386343668356893,0.540109034950179,"118","Acc_B_1"
119,"Acc_B_1",0.466534558811963,0.0389365167529855,261.88608775243,0.38986607747293,0.543203040150996,"119","Acc_B_1"
120,"Acc_B_1",0.46984276597039,0.0388290237887938,259.894611415057,0.393383225242086,0.546302306698695,"120","Acc_B_1"
121,"Acc_B_1",0.473150973128817,0.038724245237582,257.952253822762,0.396895069208686,0.549406877048949,"121","Acc_B_1"
122,"Acc_B_1",0.476459180287244,0.0386222031912288,256.059250804001,0.400401567571764,0.552516793002725,"122","Acc_B_1"
123,"Acc_B_1",0.479767387445672,0.0385229193956433,254.215823747292,0.403902679222003,0.55563209566934,"123","Acc_B_1"
124,"Acc_B_1",0.483075594604099,0.0384264152306248,252.422179897111,0.40739836377871,0.558752825429488,"124","Acc_B_1"
125,"Acc_B_1",0.486383801762526,0.0383327116896788,250.67851266393,0.410888581626748,0.561879021898303,"125","Acc_B_1"
126,"Acc_B_1",0.489692008920953,0.0382418293598278,248.985001947249,0.414373293953371,0.565010723888535,"126","Acc_B_1"
127,"Acc_B_1",0.49300021607938,0.0381537884014526,247.341814470132,0.417852462784875,0.568147969373885,"127","Acc_B_1"
128,"Acc_B_1",0.496308423237807,0.038068608528208,245.749104123948,0.421326051023017,0.571290795452598,"128","Acc_B_1"
129,"Acc_B_1",0.499616630396234,0.0379863089870491,244.207012321928,0.424794022481106,0.574439238311363,"129","Acc_B_1"
130,"Acc_B_1",0.502924837554661,0.037906908538414,242.715668360052,0.428256341919713,0.57759333318961,"130","Acc_B_1"
131,"Acc_B_1",0.506233044713089,0.0378304254366018,241.275189783955,0.431712975081911,0.580753114344266,"131","Acc_B_1"
132,"Acc_B_1",0.509541251871516,0.0377568774103922,239.8856827603,0.435163888727983,0.583918615015049,"132","Acc_B_1"
133,"Acc_B_1",0.512849459029943,0.0376862816439481,238.547242451324,0.438609050669511,0.587089867390374,"133","Acc_B_1"
134,"Acc_B_1",0.51615766618837,0.0376186547580461,237.259953390968,0.442048429802789,0.590266902573951,"134","Acc_B_1"
135,"Acc_B_1",0.519465873346797,0.0375540127916797,236.023889861326,0.445481996141461,0.593449750552133,"135","Acc_B_1"
136,"Acc_B_1",0.522774080505224,0.0374923711840783,234.839116267916,0.448909720848336,0.596638440162113,"136","Acc_B_1"
137,"Acc_B_1",0.526082287663651,0.0374337447571876,233.705687512459,0.452331576266288,0.599832999061015,"137","Acc_B_1"
138,"Acc_B_1",0.529390494822078,0.0373781476986531,232.623649361723,0.455747535948182,0.603033453695975,"138","Acc_B_1"
139,"Acc_B_1",0.532698701980506,0.0373255935453526,231.593038811235,0.459157574685744,0.606239829275267,"139","Acc_B_1"
140,"Acc_B_1",0.536006909138933,0.0372760951675187,230.61388444242,0.462561668537319,0.609452149740546,"140","Acc_B_1"
141,"Acc_B_1",0.53931511629736,0.0372296647534925,229.686206772087,0.465959794854436,0.612670437740284,"141","Acc_B_1"
142,"Acc_B_1",0.542623323455787,0.0371863137951514,228.81001859288,0.469351932307126,0.615894714604448,"142","Acc_B_1"
143,"Acc_B_1",0.545931530614214,0.0371460530740479,227.985325303749,0.472738060907934,0.619125000320494,"143","Acc_B_1"
144,"Acc_B_1",0.549239737772641,0.0371088926482991,227.212125229082,0.476118162034546,0.622361313510736,"144","Acc_B_1"
145,"Acc_B_1",0.552547944931068,0.0370748418402627,226.490409925708,0.479492218450998,0.625603671411138,"145","Acc_B_1"
146,"Acc_B_1",0.555856152089495,0.037043909225033,225.820164476619,0.482860214327401,0.62885208985159,"146","Acc_B_1"
147,"Acc_B_1",0.559164359247923,0.037016102619792,225.201367770565,0.486222135258131,0.632106583237715,"147","Acc_B_1"
148,"Acc_B_1",0.56247256640635,0.036991429074043,224.633992766554,0.489577968278443,0.635367164534256,"148","Acc_B_1"
149,"Acc_B_1",0.565780773564777,0.0369698948607569,224.118006742735,0.492927701879473,0.638633845250081,"149","Acc_B_1"
150,"Acc_B_1",0.569088980723204,0.0369515054684567,223.653371528594,0.496271326021563,0.641906635424845,"150","Acc_B_1"
151,"Acc_B_1",0.572397187881631,0.0369362655942617,223.240043720083,0.499608832145917,0.645185543617345,"151","Acc_B_1"
152,"Acc_B_1",0.575705395040058,0.0369241791379144,222.877974877028,0.502940213184515,0.648470576895602,"152","Acc_B_1"
153,"Acc_B_1",0.579013602198485,0.0369152491968053,222.5671117023,0.506265463568289,0.651761740828682,"153","Acc_B_1"
154,"Acc_B_1",0.582321809356912,0.0369094780620123,222.307396202374,0.50958457923353,0.655059039480295,"154","Acc_B_1"
155,"Acc_B_1",0.58563001651534,0.0369068672153652,222.098765828945,0.512897557626511,0.658362475404168,"155","Acc_B_1"
156,"Acc_B_1",0.588938223673767,0.0369074173275443,221.94115360133,0.516204397706308,0.661672049641226,"156","Acc_B_1"
157,"Acc_B_1",0.592246430832194,0.0369111282572198,221.834488209432,0.519505099945828,0.66498776171856,"157","Acc_B_1"
158,"Acc_B_1",0.595554637990621,0.0369179990512329,221.778694097272,0.522799666331023,0.668309609650219,"158","Acc_B_1"
159,"Acc_B_1",0.598862845149048,0.0369280279458196,221.773691527046,0.526088100358313,0.671637589939783,"159","Acc_B_1"
160,"Acc_B_1",0.602171052307475,0.0369412123688723,221.819396623634,0.529370407030204,0.674971697584747,"160","Acc_B_1"
161,"Acc_B_1",0.605479259465902,0.0369575489432335,221.915721399903,0.53264659284913,0.678311926082674,"161","Acc_B_1"
162,"Acc_B_1",0.608787466624329,0.0369770334910114,222.062573762896,0.535916665809538,0.681658267439121,"162","Acc_B_1"
163,"Acc_B_1",0.612095673782757,0.0369996610389034,222.259857501201,0.539180635388213,0.6850107121773,"163","Acc_B_1"
164,"Acc_B_1",0.615403880941184,0.0370254258245142,222.507472253906,0.542438512532905,0.688369249349462,"164","Acc_B_1"
165,"Acc_B_1",0.618712088099611,0.0370543213036477,222.805313461538,0.545690309649258,0.691733866549964,"165","Acc_B_1"
166,"Acc_B_1",0.622020295258038,0.0370863401585517,223.153272299494,0.548936040586089,0.695104549929987,"166","Acc_B_1"
167,"Acc_B_1",0.625328502416465,0.0371214743070927,223.551235594565,0.552175720619062,0.698481284213868,"167","Acc_B_1"
168,"Acc_B_1",0.628636709574892,0.0371597149128323,223.999085725148,0.555409366432786,0.701864052716998,"168","Acc_B_1"
169,"Acc_B_1",0.631944916733319,0.0372010523959779,224.496700505809,0.558636996101389,0.70525283736525,"169","Acc_B_1"
170,"Acc_B_1",0.635253123891746,0.0372454764451753,225.043953057032,0.56185862906762,0.708647618715873,"170","Acc_B_1"
171,"Acc_B_1",0.638561331050174,0.0372929760301108,225.640711660917,0.565074286120537,0.712048375979811,"171","Acc_B_1"
172,"Acc_B_1",0.641869538208601,0.037343539414887,226.286839603606,0.568283989371817,0.715455087045384,"172","Acc_B_1"
173,"Acc_B_1",0.645177745367028,0.037397154172136,226.982195005494,0.571487762230779,0.718867728503277,"173","Acc_B_1"
174,"Acc_B_1",0.648485952525455,0.037453807197831,227.726630639993,0.574685629378145,0.722286275672765,"174","Acc_B_1"
175,"Acc_B_1",0.651794159683882,0.0375134847267562,228.519993741985,0.577877616738641,0.725710702629123,"175","Acc_B_1"
176,"Acc_B_1",0.655102366842309,0.0375761723485954,229.362125806895,0.581063751452468,0.72914098223215,"176","Acc_B_1"
177,"Acc_B_1",0.658410574000736,0.0376418550245947,230.252862381449,0.584244061845742,0.732577086155731,"177","Acc_B_1"
178,"Acc_B_1",0.661718781159163,0.0377105171047595,231.192032847186,0.587418577399946,0.736018984918381,"178","Acc_B_1"
179,"Acc_B_1",0.665026988317591,0.0377821423455395,232.17946019786,0.590587328720488,0.739466647914693,"179","Acc_B_1"
180,"Acc_B_1",0.668335195476018,0.0378567139279593,233.214960811805,0.593750347504421,0.742920043447614,"180","Acc_B_1"
181,"Acc_B_1",0.671643402634445,0.0379342144761504,234.298344220394,0.596907666507402,0.746379138761488,"181","Acc_B_1"
182,"Acc_B_1",0.674951609792872,0.0380146260762395,235.429412873827,0.600059319509962,0.749843900075782,"182","Acc_B_1"
183,"Acc_B_1",0.678259816951299,0.0380979302955492,236.60796190519,0.60320534128317,0.753314292619428,"183","Acc_B_1"
184,"Acc_B_1",0.681568024109726,0.038184108202068,237.833778894188,0.606345767553745,0.756790280665707,"184","Acc_B_1"
185,"Acc_B_1",0.684876231268153,0.0382731403841446,239.106643631424,0.609480634968709,0.760271827567598,"185","Acc_B_1"
186,"Acc_B_1",0.688184438426581,0.0383650069703648,240.426327884641,0.612609981059634,0.763758895793527,"186","Acc_B_1"
187,"Acc_B_1",0.691492645585008,0.0384596876495679,241.792595167804,0.615733844206579,0.767251446963436,"187","Acc_B_1"
188,"Acc_B_1",0.694800852743435,0.0385571616909622,243.205200514272,0.61885226360176,0.77074944188511,"188","Acc_B_1"
189,"Acc_B_1",0.698109059901862,0.0386574079642981,244.663890255088,0.621965279213041,0.774252840590683,"189","Acc_B_1"
190,"Acc_B_1",0.701417267060289,0.03876040496006,246.168401803514,0.625072931747312,0.777761602373266,"190","Acc_B_1"
191,"Acc_B_1",0.704725474218716,0.0388661308096394,247.718463446727,0.628175262613813,0.78127568582362,"191","Acc_B_1"
192,"Acc_B_1",0.708033681377143,0.0389745633054516,249.313794145845,0.631272313887473,0.784795048866814,"192","Acc_B_1"
193,"Acc_B_1",0.71134188853557,0.0390856799209608,250.954103345104,0.634364128272333,0.788319648798808,"193","Acc_B_1"
194,"Acc_B_1",0.714650095693998,0.0391994578305802,252.639090791208,0.637450749065098,0.791849442322897,"194","Acc_B_1"
195,"Acc_B_1",0.717958302852425,0.0393158739294138,254.368446363732,0.640532220118896,0.795384385585953,"195","Acc_B_1"
196,"Acc_B_1",0.721266510010852,0.0394349048528101,256.141849917332,0.643608585807284,0.798924434214419,"196","Acc_B_1"
197,"Acc_B_1",0.724574717169279,0.0395565269956969,257.958971136806,0.646679890988565,0.802469543349993,"197","Acc_B_1"
198,"Acc_B_1",0.727882924327706,0.0396807165316719,259.819469405452,0.649746180970459,0.806019667684953,"198","Acc_B_1"
199,"Acc_B_1",0.731191131486133,0.0398074494318212,261.722993687622,0.652807501475189,0.809574761497077,"199","Acc_B_1"
200,"Acc_B_1",0.73449933864456,0.0399367014832421,263.66918242611,0.655863898605014,0.813134778684107,"200","Acc_B_1"
201,"Acc_B_1",0.737807545802987,0.0400684483072489,265.657663454901,0.658915418808259,0.816699672797715,"201","Acc_B_1"
202,"Acc_B_1",0.741115752961415,0.040202665377239,267.688053927884,0.661962108845892,0.820269397076937,"202","Acc_B_1"
203,"Acc_B_1",0.744423960119842,0.0403393280362021,269.759960263934,0.665004015758659,0.823843904481025,"203","Acc_B_1"
204,"Acc_B_1",0.747732167278269,0.0404784115138537,271.872978108873,0.668041186834848,0.82742314772169,"204","Acc_B_1"
205,"Acc_B_1",0.751040374436696,0.0406198909433782,274.026692314627,0.671073669578685,0.831007079294707,"205","Acc_B_1"
206,"Acc_B_1",0.754348581595123,0.0407637413777672,276.220676935929,0.674101511679406,0.83459565151084,"206","Acc_B_1"
207,"Acc_B_1",0.75765678875355,0.0409099378057401,278.454495244679,0.677124760981028,0.838188816526072,"207","Acc_B_1"
208,"Acc_B_1",0.760964995911977,0.0410584551672376,280.727699762338,0.680143465452843,0.841786526371111,"208","Acc_B_1"
209,"Acc_B_1",0.764273203070404,0.0412092683684761,283.039832310292,0.683157673160662,0.845388732980147,"209","Acc_B_1"
210,"Acc_B_1",0.767581410228832,0.0413623522965583,285.390424078502,0.686167432238814,0.848995388218849,"210","Acc_B_1"
211,"Acc_B_1",0.770889617387259,0.0415176818336309,287.778995712032,0.68917279086294,0.852606443911577,"211","Acc_B_1"
212,"Acc_B_1",0.774197824545686,0.041675231870586,290.205057415892,0.692173797223566,0.856221851867805,"212","Acc_B_1"
213,"Acc_B_1",0.777506031704113,0.041834977320301,292.668109077648,0.695170499500496,0.85984156390773,"213","Acc_B_1"
214,"Acc_B_1",0.78081423886254,0.0419968931304161,295.167640408015,0.698162945838011,0.86346553188707,"214","Acc_B_1"
215,"Acc_B_1",0.784122446020967,0.0421609542956462,297.70313109883,0.701151184320896,0.867093707721038,"215","Acc_B_1"
216,"Acc_B_1",0.787430653179394,0.0423271358696291,300.274050998477,0.704135262951298,0.870726043407491,"216","Acc_B_1"
217,"Acc_B_1",0.790738860337821,0.0424954129763085,302.879860304188,0.707115229626404,0.874362491049239,"217","Acc_B_1"
218,"Acc_B_1",0.794047067496249,0.0426657608208557,305.520009771024,0.710091132116963,0.878003002875534,"218","Acc_B_1"
219,"Acc_B_1",0.797355274654676,0.0428381547001317,308.193940936855,0.71306301804663,0.881647531262721,"219","Acc_B_1"
220,"Acc_B_1",0.800663481813103,0.0430125700126934,310.901086363382,0.716030934872145,0.885296028754061,"220","Acc_B_1"
221,"Acc_B_1",0.80397168897153,0.0431889822683493,313.640869891945,0.718994929864327,0.888948448078733,"221","Acc_B_1"
222,"Acc_B_1",0.807279896129957,0.0433673670972682,316.41270691426,0.721955050089896,0.892604742170018,"222","Acc_B_1"
223,"Acc_B_1",0.810588103288384,0.043547700258649,319.216004657245,0.7249113423941,0.896264864182668,"223","Acc_B_1"
224,"Acc_B_1",0.813896310446811,0.0437299576489567,322.050162480957,0.727863853384146,0.899928767509477,"224","Acc_B_1"
225,"Acc_B_1",0.817204517605238,0.0439141153097322,324.914572189803,0.730812629413421,0.903596405797056,"225","Acc_B_1"
226,"Acc_B_1",0.820512724763666,0.0441001494349832,327.808618355419,0.733757716566496,0.907267732960835,"226","Acc_B_1"
227,"Acc_B_1",0.823820931922093,0.0442880363781659,330.731678651257,0.736699160644903,0.910942703199282,"227","Acc_B_1"
228,"Acc_B_1",0.82712913908052,0.0444777526587633,333.683124197674,0.739637007153658,0.914621271007381,"228","Acc_B_1"
229,"Acc_B_1",0.830437346238947,0.0446692749684724,336.662319916938,0.742571301288536,0.918303391189358,"229","Acc_B_1"
230,"Acc_B_1",0.833745553397374,0.0448625801770068,339.668624897641,0.745502087924066,0.921989018870682,"230","Acc_B_1"
231,"Acc_B_1",0.837053760555801,0.0450576453375254,342.701392767103,0.748429411602247,0.925678109509356,"231","Acc_B_1"
232,"Acc_B_1",0.840361967714228,0.0452544476916975,345.759972071602,0.751353316521947,0.92937061890651,"232","Acc_B_1"
233,"Acc_B_1",0.843670174872655,0.0454529646744129,348.843706663406,0.754273846528994,0.933066503216317,"233","Acc_B_1"
234,"Acc_B_1",0.846978382031083,0.045653173918149,351.951936093597,0.757191045106921,0.936765718955244,"234","Acc_B_1"
235,"Acc_B_1",0.85028658918951,0.0458550532570031,355.083996010232,0.760104955368359,0.940468223010661,"235","Acc_B_1"
236,"Acc_B_1",0.853594796347937,0.0460585807304015,358.23921856078,0.763015620047053,0.944173972648821,"236","Acc_B_1"
237,"Acc_B_1",0.856903003506364,0.0462637345864958,361.416932798038,0.765923081490497,0.947882925522231,"237","Acc_B_1"
238,"Acc_B_1",0.860211210664791,0.0464704932852562,364.616465088995,0.768827381653148,0.951595039676435,"238","Acc_B_1"
239,"Acc_B_1",0.863519417823218,0.0466788355012723,367.837139525341,0.771728562090218,0.955310273556219,"239","Acc_B_1"
240,"Acc_B_1",0.866827624981645,0.0468887401262727,371.078278335479,0.774626663952022,0.959028586011269,"240","Acc_B_1"
241,"Acc_B_1",0.870135832140073,0.0471001862713718,374.339202296539,0.777521727978856,0.962749936301289,"241","Acc_B_1"
242,"Acc_B_1",0.8734440392985,0.0473131532690561,377.619231146451,0.780413794496398,0.966474284100601,"242","Acc_B_1"
243,"Acc_B_1",0.876752246456927,0.0475276206749188,380.917683994535,0.783302903411605,0.970201589502249,"243","Acc_B_1"
244,"Acc_B_1",0.880060453615354,0.0477435682691526,384.233879730421,0.786189094209085,0.973931813021622,"244","Acc_B_1"
245,"Acc_B_1",0.883368660773781,0.0479609760578117,387.567137430322,0.789072405947947,0.977664915599615,"245","Acc_B_1"
246,"Acc_B_1",0.886676867932208,0.0481798242738518,390.916776760286,0.791952877259076,0.98140085860534,"246","Acc_B_1"
247,"Acc_B_1",0.889985075090635,0.0484000933779572,394.282118375312,0.79483054634285,0.985139603838421,"247","Acc_B_1"
248,"Acc_B_1",0.893293282249062,0.048621764059166,397.662484313988,0.797705450967258,0.988881113530867,"248","Acc_B_1"
249,"Acc_B_1",0.89660148940749,0.0488448172353008,401.05719838807,0.800577628466415,0.992625350348564,"249","Acc_B_1"
250,"Acc_B_1",0.899909696565917,0.0490692340532146,404.465586566221,0.803447115739444,0.996372277392389,"250","Acc_B_1"
251,"Acc_B_1",0.903217903724344,0.0492949958888614,407.88697735165,0.806313949249732,1.00012185819896,"251","Acc_B_1"
252,"Acc_B_1",0.906526110882771,0.0495220843471987,411.320702152661,0.809178165024508,1.00387405674103,"252","Acc_B_1"
253,"Acc_B_1",0.909834318041198,0.0497504812619312,414.766095646019,0.812039798654764,1.00762883742763,"253","Acc_B_1"
254,"Acc_B_1",0.913142525199625,0.049980168695103,418.222496132541,0.814898885295481,1.01138616510377,"254","Acc_B_1"
255,"Acc_B_1",0.916450732358052,0.0502111289365479,421.689245884401,0.817755459666145,1.01514600504996,"255","Acc_B_1"
256,"Acc_B_1",0.919758939516479,0.0504433445032029,425.16569148382,0.820609556051554,1.0189083229814,"256","Acc_B_1"
257,"Acc_B_1",0.923067146674907,0.0506767981382947,428.6511841527,0.823461208302883,1.02267308504693,"257","Acc_B_1"
258,"Acc_B_1",0.926375353833334,0.0509114728104052,432.145080072828,0.826310449839004,1.02644025782766,"258","Acc_B_1"
259,"Acc_B_1",0.929683560991761,0.0511473517124228,435.646740696405,0.829157313648047,1.03020980833547,"259","Acc_B_1"
260,"Acc_B_1",0.932991768150188,0.0513844182603873,439.155533046769,0.832001832289181,1.03398170401119,"260","Acc_B_1"
261,"Acc_B_1",0.936299975308615,0.051622656092234,442.670830008439,0.834844037894612,1.03775591272262,"261","Acc_B_1"
262,"Acc_B_1",0.939608182467042,0.0518620490664435,446.192010607066,0.83768396217178,1.0415324027623,"262","Acc_B_1"
263,"Acc_B_1",0.942916389625469,0.0521025812606037,449.718460278528,0.840521636405741,1.0453111428452,"263","Acc_B_1"
264,"Acc_B_1",0.946224596783896,0.0523442369698893,453.24957112715,0.84335709146173,1.04909210210606,"264","Acc_B_1"
265,"Acc_B_1",0.949532803942324,0.0525870007054646,456.78474217285,0.846190357787887,1.05287525009676,"265","Acc_B_1"
266,"Acc_B_1",0.952841011100751,0.0528308571928152,460.323379587533,0.849021465418135,1.05666055678337,"266","Acc_B_1"
267,"Acc_B_1",0.956149218259178,0.0530757913700137,463.864896919716,0.851850443975207,1.06044799254315,"267","Acc_B_1"
268,"Acc_B_1",0.959457425417605,0.0533217883859245,467.408715308122,0.854677322673803,1.06423752816141,"268","Acc_B_1"
269,"Acc_B_1",0.962765632576032,0.0535688335983516,470.954263684296,0.857502130323869,1.06802913482819,"269","Acc_B_1"
270,"Acc_B_1",0.966073839734459,0.0538169125721362,474.500978963164,0.860324895334,1.07182278413492,"270","Acc_B_1"
271,"Acc_B_1",0.969382046892886,0.0540660110772056,478.048306223056,0.86314564571494,1.07561844807083,"271","Acc_B_1"
272,"Acc_B_1",0.972690254051313,0.0543161150865797,481.595698873717,0.865964409083181,1.07941609901945,"272","Acc_B_1"
273,"Acc_B_1",0.975998461209741,0.0545672107743388,485.142618813664,0.868781212664655,1.08321570975483,"273","Acc_B_1"
274,"Acc_B_1",0.979306668368168,0.0548192845135556,488.688536575959,0.871596083298507,1.08701725343783,"274","Acc_B_1"
275,"Acc_B_1",0.982614875526595,0.055072322874196,492.232931463291,0.874409047440934,1.09082070361226,"275","Acc_B_1"
276,"Acc_B_1",0.985923082685022,0.0553263126209918,495.775291671615,0.877220131169105,1.09462603420094,"276","Acc_B_1"
277,"Acc_B_1",0.989231289843449,0.0555812407112888,499.31511440344,0.880029360185126,1.09843321950177,"277","Acc_B_1"
278,"Acc_B_1",0.992539497001876,0.0558370942928735,502.851905970058,0.882836759820068,1.10224223418368,"278","Acc_B_1"
279,"Acc_B_1",0.995847704160303,0.0560938607017804,506.385181883728,0.885642355038041,1.10605305328257,"279","Acc_B_1"
280,"Acc_B_1",0.99915591131873,0.0563515274600852,509.914466938812,0.888446170440302,1.10986565219716,"280","Acc_B_1"
281,"Acc_B_1",1.00246411847716,0.0566100822736836,513.439295283428,0.891248230269409,1.11368000668491,"281","Acc_B_1"
282,"Acc_B_1",1.00577232563558,0.0568695130300603,516.959210480665,0.8940485584134,1.11749609285777,"282","Acc_B_1"
283,"Acc_B_1",1.00908053279401,0.0571298077960505,520.473765560614,0.896847178409991,1.12131388717803,"283","Acc_B_1"
284,"Acc_B_1",1.01238873995244,0.0573909548155948,523.982523061937,0.899644113450807,1.12513336645407,"284","Acc_B_1"
285,"Acc_B_1",1.01569694711087,0.0576529425074913,527.485055065283,0.902439386385619,1.12895450783611,"285","Acc_B_1"
286,"Acc_B_1",1.01900515426929,0.0579157594631465,530.980943216961,0.905233019726595,1.13277728881199,"286","Acc_B_1"
287,"Acc_B_1",1.02231336142772,0.0581793944443262,534.469778743582,0.908025035652558,1.13660168720288,"287","Acc_B_1"
288,"Acc_B_1",1.02562156858615,0.0584438363809087,537.951162459209,0.910815456013248,1.14042768115905,"288","Acc_B_1"
289,"Acc_B_1",1.02892977574457,0.058709074368643,541.424704763164,0.913604302333584,1.14425524915557,"289","Acc_B_1"
290,"Acc_B_1",1.032237982903,0.0589750976669117,544.890025629902,0.916391595817917,1.14808436998809,"290","Acc_B_1"
291,"Acc_B_1",1.03554619006143,0.0592418956965017,548.346754592135,0.919177357354287,1.15191502276857,"291","Acc_B_1"
292,"Acc_B_1",1.03885439721986,0.0595094580373834,551.794530715368,0.921961607518654,1.15574718692106,"292","Acc_B_1"
293,"Acc_B_1",1.04216260437828,0.0597777744264998,555.233002565673,0.924744366579132,1.15958084217743,"293","Acc_B_1"
294,"Acc_B_1",1.04547081153671,0.0600468347555671,558.661828170523,0.927525654500197,1.16341596857322,"294","Acc_B_1"
295,"Acc_B_1",1.04877901869514,0.0603166290688875,562.080674973157,0.930305490946878,1.1672525464434,"295","Acc_B_1"
296,"Acc_B_1",1.05208722585356,0.0605871475611754,565.489219780058,0.933083895288932,1.1710905564182,"296","Acc_B_1"
297,"Acc_B_1",1.05539543301199,0.0608583805753982,568.887148703063,0.935860886604989,1.17492997941899,"297","Acc_B_1"
298,"Acc_B_1",1.05870364017042,0.0611303186006327,572.274157094939,0.93863648368668,1.17877079665416,"298","Acc_B_1"
299,"Acc_B_1",1.06201184732885,0.0614029522699375,575.649949479786,0.94141070504273,1.18261298961496,"299","Acc_B_1"
300,"Acc_B_1",1.06532005448727,0.0616762723582421,579.014239478201,0.94418356890303,1.18645654007152,"300","Acc_B_1"
301,"Acc_B_1",1.0686282616457,0.0619502697802552,582.366749727661,0.946955093222672,1.19030143006873,"301","Acc_B_1"
302,"Acc_B_1",1.07193646880413,0.0622249355883896,585.707211796945,0.949725295685957,1.1941476419223,"302","Acc_B_1"
303,"Acc_B_1",1.07524467596255,0.0625002609707076,589.035366098185,0.952494193710369,1.19799515821474,"303","Acc_B_1"
304,"Acc_B_1",1.07855288312098,0.0627762372488856,592.350961792684,0.955261804450508,1.20184396179145,"304","Acc_B_1"
305,"Acc_B_1",1.08186109027941,0.0630528558761986,595.653756693881,0.958028144801999,1.20569403575682,"305","Acc_B_1"
306,"Acc_B_1",1.08516929743784,0.063330108435526,598.943517166698,0.960793231405354,1.20954536347032,"306","Acc_B_1"
307,"Acc_B_1",1.08847750459626,0.0636079866373773,602.220018022335,0.963557080649802,1.21339792854272,"307","Acc_B_1"
308,"Acc_B_1",1.09178571175469,0.0638864823179408,605.4830424114,0.966319708677077,1.2172517148323,"308","Acc_B_1"
309,"Acc_B_1",1.09509391891312,0.0641655874371523,608.732381712942,0.969081131385168,1.22110670644107,"309","Acc_B_1"
310,"Acc_B_1",1.09840212607154,0.0644452940767874,611.967835420833,0.971841364432029,1.22496288771106,"310","Acc_B_1"
311,"Acc_B_1",1.10171033322997,0.0647255944385749,615.189211028301,0.974600423239248,1.22882024322069,"311","Acc_B_1"
312,"Acc_B_1",1.1050185403884,0.0650064808423331,618.396323909477,0.977358322995674,1.23267875778112,"312","Acc_B_1"
313,"Acc_B_1",1.10832674754683,0.0652879457241295,621.588997198967,0.980115078661002,1.23653841643265,"313","Acc_B_1"
314,"Acc_B_1",1.11163495470525,0.0655699816344615,624.767061669978,0.982870704969319,1.24039920444119,"314","Acc_B_1"
315,"Acc_B_1",1.11494316186368,0.0658525812364622,627.930355610108,0.9856252164326,1.24426110729476,"315","Acc_B_1"
316,"Acc_B_1",1.11825136902211,0.0661357373041276,631.078724696362,0.988378627344169,1.24812411070004,"316","Acc_B_1"
317,"Acc_B_1",1.12155957618053,0.0664194427205679,634.212021868151,0.991130951782112,1.25198820057896,"317","Acc_B_1"
318,"Acc_B_1",1.12486778333896,0.0667036904762811,637.330107199576,0.993882203612647,1.25585336306528,"318","Acc_B_1"
319,"Acc_B_1",1.12817599049739,0.0669884736674505,640.432847770987,0.996632396493453,1.25971958450132,"319","Acc_B_1"
320,"Acc_B_1",1.13148419765582,0.0672737854942652,643.520117539065,0.999381543876955,1.26358685143468,"320","Acc_B_1"
321,"Acc_B_1",1.13479240481424,0.0675596192592631,646.591797206892,1.00212965901356,1.26745515061493,"321","Acc_B_1"
322,"Acc_B_1",1.13810061197267,0.0678459683656979,649.64777409339,1.00487675495485,1.27132446899049,"322","Acc_B_1"
323,"Acc_B_1",1.1414088191311,0.0681328263159283,652.687942002653,1.00762284455675,1.27519479370544,"323","Acc_B_1"
324,"Acc_B_1",1.14471702628952,0.0684201867098309,655.712201092348,1.01036794048263,1.27906611209642,"324","Acc_B_1"
325,"Acc_B_1",1.14802523344795,0.0687080432432352,658.7204577431,1.01311205520635,1.28293841168955,"325","Acc_B_1"
326,"Acc_B_1",1.15133344060638,0.068996389706382,661.712624427598,1.01585520101531,1.28681168019745,"326","Acc_B_1"
327,"Acc_B_1",1.15464164776481,0.0692852199824037,664.688619579319,1.01859739001342,1.2906859055162,"327","Acc_B_1"
328,"Acc_B_1",1.15794985492323,0.069574528045828,667.648367462546,1.02133863412403,1.29456107572244,"328","Acc_B_1"
329,"Acc_B_1",1.16125806208166,0.069864307961103,670.59179804255,1.02407894509283,1.29843717907049,"329","Acc_B_1"
330,"Acc_B_1",1.16456626924009,0.0701545538811449,673.518846855748,1.02681833449071,1.30231420398947,"330","Acc_B_1"
331,"Acc_B_1",1.16787447639851,0.0704452600459078,676.429454881762,1.02955681371653,1.3061921390805,"331","Acc_B_1"
332,"Acc_B_1",1.17118268355694,0.0707364207809752,679.32356841426,1.03229439399995,1.31007097311394,"332","Acc_B_1"
333,"Acc_B_1",1.17449089071537,0.071028030496173,682.201138935325,1.03503108640408,1.31395069502666,"333","Acc_B_1"
334,"Acc_B_1",1.1777990978738,0.0713200836842041,685.062122988307,1.03776690182823,1.31783129391936,"334","Acc_B_1"
335,"Acc_B_1",1.18110730503222,0.0716125749193042,687.906482053207,1.04050185101052,1.32171275905392,"335","Acc_B_1"
336,"Acc_B_1",1.18441551219065,0.0719054988559188,690.73418242235,1.04323594453048,1.32559507985082,"336","Acc_B_1"
337,"Acc_B_1",1.18772371934908,0.0721988502274005,693.545195077602,1.04596919281162,1.32947824588653,"337","Acc_B_1"
338,"Acc_B_1",1.1910319265075,0.0724926238447276,696.339495569341,1.04870160612396,1.33336224689105,"338","Acc_B_1"
339,"Acc_B_1",1.19434013366593,0.0727868145952426,699.117063895031,1.05143319458648,1.33724707274538,"339","Acc_B_1"
340,"Acc_B_1",1.19764834082436,0.073081417441411,701.877884381259,1.05416396816962,1.3411327134791,"340","Acc_B_1"
341,"Acc_B_1",1.20095654798279,0.0733764274195999,704.621945565672,1.05689393669762,1.34501915926795,"341","Acc_B_1"
342,"Acc_B_1",1.20426475514121,0.0736718396388765,707.349240080984,1.05962310985093,1.34890640043149,"342","Acc_B_1"
343,"Acc_B_1",1.20757296229964,0.0739676492798261,710.059764540237,1.06235149716854,1.35279442743074,"343","Acc_B_1"
344,"Acc_B_1",1.21088116945807,0.0742638515933888,712.753519424169,1.06507910805024,1.3566832308659,"344","Acc_B_1"
345,"Acc_B_1",1.21418937661649,0.0745604418997158,715.430508969039,1.06780595175889,1.3605728014741,"345","Acc_B_1"
346,"Acc_B_1",1.21749758377492,0.0748574155870438,718.090741057211,1.07053203742265,1.36446313012719,"346","Acc_B_1"
347,"Acc_B_1",1.22080579093335,0.0751547681105889,720.73422710878,1.07325737403717,1.36835420782953,"347","Acc_B_1"
348,"Acc_B_1",1.22411399809178,0.0754524949914572,723.360981974853,1.07598197046768,1.37224602571587,"348","Acc_B_1"
349,"Acc_B_1",1.2274222052502,0.075750591815575,725.971023832691,1.07870583545116,1.37613857504924,"349","Acc_B_1"
350,"Acc_B_1",1.23073041240863,0.0760490542326354,728.564374082585,1.08142897759841,1.38003184721884,"350","Acc_B_1"
351,"Acc_B_1",1.23403861956706,0.0763478779550636,731.14105724601,1.08415140539607,1.38392583373804,"351","Acc_B_1"
352,"Acc_B_1",1.23734682672548,0.0766470587569983,733.701100866895,1.08687312720863,1.38782052624234,"352","Acc_B_1"
353,"Acc_B_1",1.24065503388391,0.0769465924732908,736.244535411895,1.08959415128043,1.3917159164874,"353","Acc_B_1"
354,"Acc_B_1",1.24396324104234,0.0772464749985211,738.771394175461,1.09231448573757,1.39561199634711,"354","Acc_B_1"
355,"Acc_B_1",1.24727144820076,0.0775467022860294,741.281713185301,1.09503413858985,1.39950875781168,"355","Acc_B_1"
356,"Acc_B_1",1.25057965535919,0.0778472703469653,743.7755311089,1.09775311773265,1.40340619298574,"356","Acc_B_1"
357,"Acc_B_1",1.25388786251762,0.078148175249352,746.252889163182,1.10047143094874,1.4073042940865,"357","Acc_B_1"
358,"Acc_B_1",1.25719606967605,0.0784494131171664,748.71383102506,1.10318908591013,1.41120305344196,"358","Acc_B_1"
359,"Acc_B_1",1.26050427683447,0.0787509801294355,751.158402744088,1.10590609017986,1.41510246348908,"359","Acc_B_1"
360,"Acc_B_1",1.2638124839929,0.0790528725193471,753.586652656755,1.10862245121373,1.41900251677207,"360","Acc_B_1"
361,"Acc_B_1",1.26712069115133,0.0793550865733762,755.998631303106,1.11133817636204,1.42290320594062,"361","Acc_B_1"
362,"Acc_B_1",1.27042889830975,0.0796576186304262,758.394391343509,1.11405327287129,1.42680452374822,"362","Acc_B_1"
363,"Acc_B_1",1.27373710546818,0.0799604650809842,760.773987479278,1.11676774788584,1.43070646305052,"363","Acc_B_1"
364,"Acc_B_1",1.27704531262661,0.0802636223662916,763.13747637366,1.11948160844958,1.43460901680364,"364","Acc_B_1"
365,"Acc_B_1",1.28035351978504,0.0805670869775277,765.48491657443,1.12219486150748,1.4385121780626,"365","Acc_B_1"
366,"Acc_B_1",1.28366172694346,0.0808708554550085,767.816368439547,1.12490751390724,1.44241593997968,"366","Acc_B_1"
367,"Acc_B_1",1.28696993410189,0.0811749243873976,770.131894063129,1.12761957240083,1.44632029580295,"367","Acc_B_1"
368,"Acc_B_1",1.29027814126032,0.0814792904109324,772.431557203309,1.13033104364599,1.45022523887465,"368","Acc_B_1"
369,"Acc_B_1",1.29358634841874,0.0817839502086619,774.71542321319,1.13304193420778,1.45413076262971,"369","Acc_B_1"
370,"Acc_B_1",1.29689455557717,0.0820889005096987,776.983558970547,1.13575225056003,1.45803686059432,"370","Acc_B_1"
371,"Acc_B_1",1.3002027627356,0.0823941380884831,779.236032812553,1.13846199908681,1.46194352638439,"371","Acc_B_1"
372,"Acc_B_1",1.30351096989403,0.0826996597640603,781.47291446973,1.14117118608386,1.4658507537042,"372","Acc_B_1"
373,"Acc_B_1",1.30681917705245,0.0830054623993695,783.694275002002,1.14387981775998,1.46975853634493,"373","Acc_B_1"
374,"Acc_B_1",1.31012738421088,0.0833115429005455,785.900186737393,1.14658790023844,1.47366686818332,"374","Acc_B_1"
375,"Acc_B_1",1.31343559136931,0.0836178982162325,788.090723211182,1.14929543955832,1.47757574318029,"375","Acc_B_1"
376,"Acc_B_1",1.31674379852773,0.0839245253369091,790.265959105942,1.15200244167583,1.48148515537964,"376","Acc_B_1"
377,"Acc_B_1",1.32005200568616,0.0842314212942253,792.425970195797,1.15470891246566,1.48539509890667,"377","Acc_B_1"
378,"Acc_B_1",1.32336021284459,0.0845385831603507,794.570833288616,1.15741485772223,1.48930556796695,"378","Acc_B_1"
379,"Acc_B_1",1.32666842000302,0.0848460080473341,796.700626172492,1.16012028316099,1.49321655684504,"379","Acc_B_1"
380,"Acc_B_1",1.32997662716144,0.0851536931064739,798.815427562609,1.16282519441966,1.49712805990322,"380","Acc_B_1"
381,"Acc_B_1",1.33328483431987,0.0854616355276991,800.915317049145,1.16552959705944,1.5010400715803,"381","Acc_B_1"
382,"Acc_B_1",1.3365930414783,0.0857698325389616,803.000375047061,1.1682334965662,1.50495258639039,"382","Acc_B_1"
383,"Acc_B_1",1.33990124863672,0.0860782814056382,805.070682747248,1.17093689835173,1.50886559892172,"383","Acc_B_1"
384,"Acc_B_1",1.34320945579515,0.0863869794299433,807.126322069908,1.17363980775481,1.51277910383549,"384","Acc_B_1"
385,"Acc_B_1",1.34651766295358,0.0866959239503517,809.167375616087,1.17634223004245,1.51669309586471,"385","Acc_B_1"
386,"Acc_B_1",1.34982587011201,0.0870051123410307,811.193926624898,1.17904417041091,1.5206075698131,"386","Acc_B_1"
387,"Acc_B_1",1.35313407727043,0.0873145420112828,813.206058929072,1.18174563398691,1.52452252055396,"387","Acc_B_1"
388,"Acc_B_1",1.35644228442886,0.0876242104049974,815.203856912281,1.18444662582863,1.52843794302909,"388","Acc_B_1"
389,"Acc_B_1",1.35975049158729,0.0879341150001121,817.187405468491,1.18714715092682,1.53235383224775,"389","Acc_B_1"
390,"Acc_B_1",1.36305869874571,0.088244253308083,819.15678996183,1.18984721420586,1.53627018328557,"390","Acc_B_1"
391,"Acc_B_1",1.36636690590414,0.0885546228733643,821.112096187791,1.19254682052474,1.54018699128355,"391","Acc_B_1"
392,"Acc_B_1",1.36967511306257,0.088865221272897,823.053410335661,1.19524597467811,1.54410425144702,"392","Acc_B_1"
393,"Acc_B_1",1.372983320221,0.0891760461156055,824.980818951863,1.1979446813973,1.54802195904469,"393","Acc_B_1"
394,"Acc_B_1",1.37629152737942,0.0894870950419039,826.894408905463,1.20064294535122,1.55194010940762,"394","Acc_B_1"
395,"Acc_B_1",1.37959973453785,0.08979836572321,828.794267352637,1.20334077114742,1.55585869792828,"395","Acc_B_1"
396,"Acc_B_1",1.38290794169628,0.0901098558614678,830.680481704365,1.20603816333294,1.55977772005961,"396","Acc_B_1"
397,"Acc_B_1",1.3862161488547,0.0904215631886782,832.553139594378,1.20873512639533,1.56369717131408,"397","Acc_B_1"
398,"Acc_B_1",1.38952435601313,0.0907334854664376,834.412328847414,1.21143166476349,1.56761704726277,"398","Acc_B_1"
399,"Acc_B_1",1.39283256317156,0.0910456204854843,836.258137449558,1.21412778280861,1.57153734353451,"399","Acc_B_1"
400,"Acc_B_1",1.39614077032999,0.0913579660652531,838.090653519398,1.21682348484504,1.57545805581493,"400","Acc_B_1"
401,"Acc_B_1",1.39944897748841,0.0916705200534367,839.909965278849,1.21951877513116,1.57937917984566,"401","Acc_B_1"
402,"Acc_B_1",1.40275718464684,0.0919832803255549,841.71616102683,1.22221365787024,1.58330071142344,"402","Acc_B_1"
403,"Acc_B_1",1.40606539180527,0.0922962447845317,843.509329113322,1.22490813721126,1.58722264639928,"403","Acc_B_1"
404,"Acc_B_1",1.40937359896369,0.0926094113602784,845.289557912237,1.22760221724975,1.59114498067764,"404","Acc_B_1"
405,"Acc_B_1",1.41268180612212,0.0929227780092848,847.056935798436,1.23029590202861,1.59506771021563,"405","Acc_B_1"
406,"Acc_B_1",1.41599001328055,0.0932363427142168,848.811551123711,1.23298919553888,1.59899083102221,"406","Acc_B_1"
407,"Acc_B_1",1.41929822043898,0.0935501034835207,850.553492193267,1.23568210172055,1.6029143391574,"407","Acc_B_1"
408,"Acc_B_1",1.4226064275974,0.0938640583510348,852.282847244336,1.23837462446331,1.60683823073149,"408","Acc_B_1"
409,"Acc_B_1",1.42591463475583,0.094178205375607,853.999704424512,1.24106676760732,1.61076250190434,"409","Acc_B_1"
410,"Acc_B_1",1.42922284191426,0.0944925426407186,855.704151771799,1.24375853494395,1.61468714888456,"410","Acc_B_1"
411,"Acc_B_1",1.43253104907268,0.0948070682541157,857.396277193504,1.24644993021651,1.61861216792885,"411","Acc_B_1"
412,"Acc_B_1",1.43583925623111,0.0951217803474449,859.076168449273,1.24914095712099,1.62253755534123,"412","Acc_B_1"
413,"Acc_B_1",1.43914746338954,0.0954366770758971,860.74391313065,1.25183161930672,1.62646330747236,"413","Acc_B_1"
414,"Acc_B_1",1.44245567054797,0.0957517566178556,862.399598645068,1.25452192037713,1.6303894207188,"414","Acc_B_1"
415,"Acc_B_1",1.44576387770639,0.0960670171745514,864.043312198025,1.25721186389037,1.63431589152241,"415","Acc_B_1"
416,"Acc_B_1",1.44907208486482,0.0963824569697231,865.675140776783,1.25990145336004,1.6382427163696,"416","Acc_B_1"
417,"Acc_B_1",1.45238029202325,0.0966980742492838,867.295171135579,1.26259069225581,1.64216989179069,"417","Acc_B_1"
418,"Acc_B_1",1.45568849918167,0.0970138672809921,868.90348977959,1.26527958400408,1.64609741435927,"418","Acc_B_1"
419,"Acc_B_1",1.4589967063401,0.0973298343541302,870.50018295101,1.26796813198865,1.65002528069156,"419","Acc_B_1"
420,"Acc_B_1",1.46230491349853,0.0976459737791854,872.085336615446,1.27065633955129,1.65395348744577,"420","Acc_B_1"
421,"Acc_B_1",1.46561312065696,0.0979622838875391,873.659036447733,1.27334420999242,1.65788203132149,"421","Acc_B_1"
422,"Acc_B_1",1.46892132781538,0.0982787630311592,875.221367820356,1.27603174657169,1.66181090905908,"422","Acc_B_1"
423,"Acc_B_1",1.47222953497381,0.0985954095822984,876.772415791043,1.27871895250856,1.66574011743906,"423","Acc_B_1"
424,"Acc_B_1",1.47553774213224,0.0989122219331974,878.312265090127,1.28140583098292,1.66966965328156,"424","Acc_B_1"
425,"Acc_B_1",1.47884594929066,0.0992291984957931,879.841000111364,1.28409238513565,1.67359951344568,"425","Acc_B_1"
426,"Acc_B_1",1.48215415644909,0.0995463377014313,881.35870489917,1.2867786180692,1.67752969482898,"426","Acc_B_1"
427,"Acc_B_1",1.48546236360752,0.0998636380005846,882.865463140304,1.28946453284816,1.68146019436688,"427","Acc_B_1"
428,"Acc_B_1",1.48877057076595,0.100181097862574,884.361358153006,1.29215013249976,1.68539100903213,"428","Acc_B_1"
429,"Acc_B_1",1.49207877792437,0.100498715775298,885.846472878472,1.29483542001446,1.68932213583428,"429","Acc_B_1"
430,"Acc_B_1",1.4953869850828,0.100816490244959,887.320889871903,1.2975203983465,1.6932535718191,"430","Acc_B_1"
431,"Acc_B_1",1.49869519224123,0.101134419795806,888.784691294286,1.30020507041433,1.69718531406812,"431","Acc_B_1"
432,"Acc_B_1",1.50200339939965,0.101452502969869,890.237958904111,1.30288943910125,1.70111735969805,"432","Acc_B_1"
433,"Acc_B_1",1.50531160655808,0.101770738326704,891.680774050384,1.30557350725582,1.70504970586034,"433","Acc_B_1"
434,"Acc_B_1",1.50861981371651,0.102089124443147,893.113217665325,1.3082572776924,1.70898234974062,"434","Acc_B_1"
435,"Acc_B_1",1.51192802087493,0.102407659913059,894.535370257359,1.31094075319162,1.71291528855825,"435","Acc_B_1"
436,"Acc_B_1",1.51523622803336,0.102726343347087,895.947311905174,1.31362393650089,1.71684851956583,"436","Acc_B_1"
437,"Acc_B_1",1.51854443519179,0.103045173372424,897.349122252348,1.31630683033487,1.72078204004871,"437","Acc_B_1"
438,"Acc_B_1",1.52185264235022,0.103364148632573,898.740880499336,1.3189894373759,1.72471584732453,"438","Acc_B_1"
439,"Acc_B_1",1.52516084950864,0.103683267787117,900.122665401545,1.3216717602745,1.72864993874279,"439","Acc_B_1"
440,"Acc_B_1",1.52846905666707,0.104002529511487,901.494555261389,1.3243538016498,1.73258431168434,"440","Acc_B_1"
441,"Acc_B_1",1.5317772638255,0.104321932496743,902.85662792502,1.32703556409001,1.73651896356099,"441","Acc_B_1"
442,"Acc_B_1",1.53508547098392,0.10464147544935,904.208960778648,1.32971705015281,1.74045389181504,"442","Acc_B_1"
443,"Acc_B_1",1.53839367814235,0.10496115709096,905.551630742594,1.33239826236582,1.74438909391888,"443","Acc_B_1"
444,"Acc_B_1",1.54170188530078,0.105280976158202,906.884714268961,1.33507920322703,1.74832456737452,"444","Acc_B_1"
445,"Acc_B_1",1.54501009245921,0.10560093140247,908.208287338061,1.33775987520518,1.75226030971323,"445","Acc_B_1"
446,"Acc_B_1",1.54831829961763,0.105921021589715,909.522425454331,1.34044028074019,1.75619631849508,"446","Acc_B_1"
447,"Acc_B_1",1.55162650677606,0.106241245500244,910.82720364399,1.34312042224355,1.76013259130857,"447","Acc_B_1"
448,"Acc_B_1",1.55493471393449,0.106561601928518,912.122696452444,1.34580030209877,1.76406912577021,"448","Acc_B_1"
449,"Acc_B_1",1.55824292109291,0.106882089682955,913.408977941319,1.34847992266168,1.76800591952415,"449","Acc_B_1"
450,"Acc_B_1",1.56155112825134,0.107202707585736,914.686121687119,1.35115928626089,1.7719429702418,"450","Acc_B_1"
451,"Acc_B_1",1.56485933540977,0.107523454472618,915.95420077781,1.35383839519813,1.7758802756214,"451","Acc_B_1"
452,"Acc_B_1",1.5681675425682,0.107844329192739,917.213287811957,1.35651725174865,1.77981783338774,"452","Acc_B_1"
453,"Acc_B_1",1.57147574972662,0.10816533060844,918.463454897693,1.35919585816155,1.78375564129169,"453","Acc_B_1"
454,"Acc_B_1",1.57478395688505,0.108486457595078,919.704773649583,1.36187421666018,1.78769369710993,"454","Acc_B_1"
455,"Acc_B_1",1.57809216404348,0.108807709040853,920.937315189517,1.36455232944244,1.79163199864452,"455","Acc_B_1"
456,"Acc_B_1",1.5814003712019,0.109129083846625,922.161150143898,1.3672301986812,1.79557054372261,"456","Acc_B_1"
457,"Acc_B_1",1.58470857836033,0.109450580925744,923.376348644019,1.36990782652459,1.79950933019607,"457","Acc_B_1"
458,"Acc_B_1",1.58801678551876,0.109772199203881,924.582980325339,1.37258521509636,1.80344835594115,"458","Acc_B_1"
459,"Acc_B_1",1.59132499267719,0.110093937618856,925.781114325929,1.37526236649621,1.80738761885816,"459","Acc_B_1"
460,"Acc_B_1",1.59463319983561,0.110415795120478,926.970819287826,1.37793928280011,1.81132711687112,"460","Acc_B_1"
461,"Acc_B_1",1.59794140699404,0.110737770670374,928.1521633555,1.38061596606063,1.81526684792745,"461","Acc_B_1"
462,"Acc_B_1",1.60124961415247,0.111059863241839,929.325214176633,1.38329241830726,1.81920680999767,"462","Acc_B_1"
463,"Acc_B_1",1.60455782131089,0.11138207181967,930.490038902098,1.38596864154672,1.82314700107507,"463","Acc_B_1"
464,"Acc_B_1",1.60786602846932,0.111704395400015,931.646704186061,1.38864463776325,1.82708741917539,"464","Acc_B_1"
465,"Acc_B_1",1.61117423562775,0.112026832990217,932.795276186578,1.39132040891895,1.83102806233654,"465","Acc_B_1"
466,"Acc_B_1",1.61448244278618,0.112349383608668,933.935820566202,1.39399595695406,1.8349689286183,"466","Acc_B_1"
467,"Acc_B_1",1.6177906499446,0.112672046284656,935.068402493054,1.39667128378722,1.83891001610199,"467","Acc_B_1"
468,"Acc_B_1",1.62109885710303,0.112994820058223,936.193086640391,1.39934639131582,1.84285132289024,"468","Acc_B_1"
469,"Acc_B_1",1.62440706426146,0.113317703980019,937.309937188897,1.40202128141625,1.84679284710667,"469","Acc_B_1"
470,"Acc_B_1",1.62771527141988,0.113640697111162,938.41901782693,1.40469595594417,1.8507345868956,"470","Acc_B_1"
471,"Acc_B_1",1.63102347857831,0.113963798523097,939.520391752171,1.40737041673481,1.85467654042181,"471","Acc_B_1"
472,"Acc_B_1",1.63433168573674,0.114287007297459,940.614121672413,1.41004466560324,1.85861870587024,"472","Acc_B_1"
473,"Acc_B_1",1.63763989289517,0.114610322525942,941.700269807195,1.41271870434462,1.86256108144571,"473","Acc_B_1"
474,"Acc_B_1",1.64094810005359,0.114933743310162,942.778897889065,1.41539253473448,1.86650366537271,"474","Acc_B_1"
475,"Acc_B_1",1.64425630721202,0.115257268761524,943.850067165073,1.41806615852896,1.87044645589508,"475","Acc_B_1"
476,"Acc_B_1",1.64756451437045,0.1155808980011,944.913838398631,1.42073957746508,1.87438945127581,"476","Acc_B_1"
477,"Acc_B_1",1.65087272152887,0.115904630159497,945.970271871258,1.42341279326102,1.87833264979673,"477","Acc_B_1"
478,"Acc_B_1",1.6541809286873,0.116228464376732,947.019427383866,1.42608580761629,1.88227604975832,"478","Acc_B_1"
479,"Acc_B_1",1.65748913584573,0.116552399802112,948.061364258885,1.42875862221205,1.88621964947941,"479","Acc_B_1"
480,"Acc_B_1",1.66079734300416,0.116876435594108,949.096141342158,1.43143123871132,1.89016344729699,"480","Acc_B_1"
481,"Acc_B_1",1.66410555016258,0.117200570920242,950.123817005458,1.43410365875921,1.89410744156595,"481","Acc_B_1"
482,"Acc_B_1",1.66741375732101,0.117524804956963,951.144449147553,1.43677588398317,1.89805163065885,"482","Acc_B_1"
483,"Acc_B_1",1.67072196447944,0.117849136889534,952.158095196787,1.4394479159932,1.90199601296567,"483","Acc_B_1"
484,"Acc_B_1",1.67403017163786,0.118173565911919,953.164812113506,1.4421197563821,1.90594058689363,"484","Acc_B_1"
485,"Acc_B_1",1.67733837879629,0.118498091226668,954.164656392122,1.44479140672566,1.90988535086693,"485","Acc_B_1"
486,"Acc_B_1",1.68064658595472,0.118822712044807,955.157684063122,1.44746286858291,1.91383030332652,"486","Acc_B_1"
487,"Acc_B_1",1.68395479311315,0.119147427585731,956.143950695758,1.45013414349634,1.91777544272995,"487","Acc_B_1"
488,"Acc_B_1",1.68726300027157,0.119472237077095,957.123511399651,1.45280523299208,1.92172076755107,"488","Acc_B_1"
489,"Acc_B_1",1.69057120743,0.119797139754705,958.096420828992,1.45547613858012,1.92566627627988,"489","Acc_B_1"
490,"Acc_B_1",1.69387941458843,0.120122134862422,959.062733182559,1.45814686175454,1.92961196742232,"490","Acc_B_1"
491,"Acc_B_1",1.69718762174685,0.120447221652049,960.022502208583,1.46081740399369,1.93355783950002,"491","Acc_B_1"
492,"Acc_B_1",1.70049582890528,0.120772399383237,960.975781205667,1.46348776676041,1.93750389105015,"492","Acc_B_1"
493,"Acc_B_1",1.70380403606371,0.121097667323384,961.92262302633,1.4661579515022,1.94145012062522,"493","Acc_B_1"
494,"Acc_B_1",1.70711224322214,0.121423024747535,962.863080078241,1.46882795965143,1.94539652679284,"494","Acc_B_1"
495,"Acc_B_1",1.71042045038056,0.121748470938285,963.797204328551,1.47149779262555,1.94934310813557,"495","Acc_B_1"
496,"Acc_B_1",1.71372865753899,0.122074005185685,964.725047306022,1.47416745182725,1.95328986325073,"496","Acc_B_1"
497,"Acc_B_1",1.71703686469742,0.12239962678715,965.646660103121,1.47683693864464,1.95723679075019,"497","Acc_B_1"
498,"Acc_B_1",1.72034507185584,0.122725335047361,966.562093379271,1.47950625445149,1.9611838892602,"498","Acc_B_1"
499,"Acc_B_1",1.72365327901427,0.123051129278178,967.471397363305,1.48217540060732,1.96513115742122,"499","Acc_B_1"
500,"Acc_B_1",1.7269614861727,0.123377008798549,968.374621856869,1.48484437845769,1.96907859388771,"500","Acc_B_1"
0,"Acc_B_2",0.330742370596911,0.0412978499474818,909.961534405033,0.249692267585757,0.411792473608065,"0","Acc_B_2"
1,"Acc_B_2",0.332646399204266,0.0412057789678256,907.483699118023,0.251776698257224,0.413516100151307,"1","Acc_B_2"
2,"Acc_B_2",0.33455042781162,0.0411137911396654,904.997083555873,0.253860964393501,0.415239891229739,"2","Acc_B_2"
3,"Acc_B_2",0.336454456418975,0.0410218870223799,902.501713851693,0.255945064885348,0.416963847952602,"3","Acc_B_2"
4,"Acc_B_2",0.338358485026329,0.0409300671798609,899.997617273851,0.258028998614571,0.418687971438087,"4","Acc_B_2"
5,"Acc_B_2",0.340262513633684,0.040838332180552,897.484822237583,0.260112764453956,0.420412262813411,"5","Acc_B_2"
6,"Acc_B_2",0.342166542241038,0.0407466825974881,894.963358318429,0.262196361267181,0.422136723214895,"6","Acc_B_2"
7,"Acc_B_2",0.344070570848393,0.0406551190083354,892.433256264399,0.264279787908745,0.423861353788041,"7","Acc_B_2"
8,"Acc_B_2",0.345974599455747,0.0405636419954316,889.894548008269,0.266363043223882,0.425586155687612,"8","Acc_B_2"
9,"Acc_B_2",0.347878628063102,0.0404722521458261,887.347266680183,0.268446126048489,0.427311130077714,"9","Acc_B_2"
10,"Acc_B_2",0.349782656670456,0.0403809500513206,884.791446619699,0.270529035209041,0.429036278131872,"10","Acc_B_2"
11,"Acc_B_2",0.351686685277811,0.0402897363085108,882.227123388278,0.272611769522509,0.430761601033113,"11","Acc_B_2"
12,"Acc_B_2",0.353590713885165,0.0401986115188269,879.654333780908,0.274694327796283,0.432487099974048,"12","Acc_B_2"
13,"Acc_B_2",0.35549474249252,0.040107576288576,877.073115838414,0.276776708828086,0.434212776156953,"13","Acc_B_2"
14,"Acc_B_2",0.357398771099874,0.0400166312289838,874.483508859053,0.278858911405896,0.435938630793853,"14","Acc_B_2"
15,"Acc_B_2",0.359302799707229,0.0399257769562367,871.885553410514,0.280940934307856,0.437664665106602,"15","Acc_B_2"
16,"Acc_B_2",0.361206828314584,0.039835014091525,869.279291341128,0.283022776302197,0.43939088032697,"16","Acc_B_2"
17,"Acc_B_2",0.363110856921938,0.0397443432610853,866.664765791769,0.285104436147149,0.441117277696727,"17","Acc_B_2"
18,"Acc_B_2",0.365014885529293,0.0396537650962442,864.042021206767,0.287185912590856,0.442843858467729,"18","Acc_B_2"
19,"Acc_B_2",0.366918914136647,0.0395632802334614,861.411103345248,0.289267204371296,0.444570623901998,"19","Acc_B_2"
20,"Acc_B_2",0.368822942744002,0.0394728893143741,858.772059292276,0.291348310216187,0.446297575271816,"20","Acc_B_2"
21,"Acc_B_2",0.370726971351356,0.0393825929858411,856.124937469282,0.293429228842905,0.448024713859808,"21","Acc_B_2"
22,"Acc_B_2",0.372630999958711,0.0392923918999869,853.46978764523,0.295509958958394,0.449752040959027,"22","Acc_B_2"
23,"Acc_B_2",0.374535028566065,0.0392022867142472,850.806660946661,0.297590499259082,0.451479557873048,"23","Acc_B_2"
24,"Acc_B_2",0.37643905717342,0.0391122780914137,848.135609868359,0.299670848430788,0.453207265916052,"24","Acc_B_2"
25,"Acc_B_2",0.378343085780774,0.0390223666996797,845.456688283129,0.301751005148633,0.454935166412916,"25","Acc_B_2"
26,"Acc_B_2",0.380247114388129,0.0389325532126857,842.76995145183,0.303830968076953,0.456663260699305,"26","Acc_B_2"
27,"Acc_B_2",0.382151142995483,0.0388428383095661,840.075456033214,0.305910735869207,0.45839155012176,"27","Acc_B_2"
28,"Acc_B_2",0.384055171602838,0.0387532226749948,837.373260093019,0.307990307167886,0.460120036037789,"28","Acc_B_2"
29,"Acc_B_2",0.385959200210192,0.0386637069992328,834.663423113714,0.310069680604423,0.461848719815962,"29","Acc_B_2"
30,"Acc_B_2",0.387863228817547,0.0385742919781746,831.946006002825,0.312148854799095,0.463577602835999,"30","Acc_B_2"
31,"Acc_B_2",0.389767257424901,0.0384849783133959,829.221071102424,0.314227828360939,0.465306686488864,"31","Acc_B_2"
32,"Acc_B_2",0.391671286032256,0.0383957667122014,826.488682196955,0.316306599887652,0.46703597217686,"32","Acc_B_2"
33,"Acc_B_2",0.39357531463961,0.0383066578876726,823.748904522042,0.3183851679655,0.468765461313721,"33","Acc_B_2"
34,"Acc_B_2",0.395479343246965,0.038217652558716,821.001804772017,0.320463531169223,0.470495155324707,"34","Acc_B_2"
35,"Acc_B_2",0.397383371854319,0.0381287514501121,818.247451107844,0.322541688061938,0.472225055646701,"35","Acc_B_2"
36,"Acc_B_2",0.399287400461674,0.038039955292564,815.485913164474,0.324619637195047,0.473955163728301,"36","Acc_B_2"
37,"Acc_B_2",0.401191429069029,0.0379512648227468,812.717262057982,0.326697377108139,0.475685481029918,"37","Acc_B_2"
38,"Acc_B_2",0.403095457676383,0.0378626807833572,809.941570392182,0.328774906328892,0.477416009023874,"38","Acc_B_2"
39,"Acc_B_2",0.404999486283738,0.0377742039231629,807.158912265404,0.330852223372977,0.479146749194498,"39","Acc_B_2"
40,"Acc_B_2",0.406903514891092,0.0376858349970535,804.369363276345,0.332929326743963,0.480877703038222,"40","Acc_B_2"
41,"Acc_B_2",0.408807543498447,0.0375975747660902,801.573000530261,0.335006214933211,0.482608872063682,"41","Acc_B_2"
42,"Acc_B_2",0.410711572105801,0.0375094239975568,798.769902644267,0.337082886419784,0.484340257791818,"42","Acc_B_2"
43,"Acc_B_2",0.412615600713156,0.0374213834650108,795.960149752248,0.339159339670342,0.48607186175597,"43","Acc_B_2"
44,"Acc_B_2",0.41451962932051,0.0373334539483347,793.143823510101,0.341235573139042,0.487803685501978,"44","Acc_B_2"
45,"Acc_B_2",0.416423657927865,0.0372456362337876,790.321007099984,0.343311585267443,0.489535730588286,"45","Acc_B_2"
46,"Acc_B_2",0.418327686535219,0.0371579311140566,787.491785234185,0.345387374484398,0.49126799858604,"46","Acc_B_2"
47,"Acc_B_2",0.420231715142574,0.0370703393883098,784.656244159188,0.347462939205958,0.49300049107919,"47","Acc_B_2"
48,"Acc_B_2",0.422135743749928,0.0369828618622481,781.814471658451,0.349538277835265,0.494733209664591,"48","Acc_B_2"
49,"Acc_B_2",0.424039772357283,0.036895499348158,778.96655705582,0.351613388762457,0.496466155952109,"49","Acc_B_2"
50,"Acc_B_2",0.425943800964637,0.0368082526649646,776.112591217538,0.353688270364556,0.498199331564719,"50","Acc_B_2"
51,"Acc_B_2",0.427847829571992,0.0367211226382851,773.252666554715,0.355762921005373,0.499932738138611,"51","Acc_B_2"
52,"Acc_B_2",0.429751858179346,0.0366341101004819,770.386877024564,0.357837339035398,0.501666377323294,"52","Acc_B_2"
53,"Acc_B_2",0.431655886786701,0.0365472158907164,767.515318131916,0.359911522791702,0.5034002507817,"53","Acc_B_2"
54,"Acc_B_2",0.433559915394055,0.0364604408550031,764.638086929962,0.361985470597826,0.505134360190285,"54","Acc_B_2"
55,"Acc_B_2",0.43546394400141,0.0363737858462641,761.755282020234,0.364059180763679,0.506868707239141,"55","Acc_B_2"
56,"Acc_B_2",0.437367972608765,0.036287251724383,758.867003552951,0.366132651585434,0.508603293632095,"56","Acc_B_2"
57,"Acc_B_2",0.439272001216119,0.03620083935626,755.973353226011,0.36820588134542,0.510338121086818,"57","Acc_B_2"
58,"Acc_B_2",0.441176029823474,0.0361145496158667,753.074434284125,0.370278868312017,0.51207319133493,"58","Acc_B_2"
59,"Acc_B_2",0.443080058430828,0.0360283833843014,750.170351517259,0.372351610739548,0.513808506122108,"59","Acc_B_2"
60,"Acc_B_2",0.444984087038183,0.0359423415498442,747.261211258404,0.374424106868173,0.515544067208192,"60","Acc_B_2"
61,"Acc_B_2",0.446888115645537,0.0358564250080131,744.347121381286,0.376496354923784,0.51727987636729,"61","Acc_B_2"
62,"Acc_B_2",0.448792144252892,0.035770634661619,741.428191297077,0.378568353117894,0.51901593538789,"62","Acc_B_2"
63,"Acc_B_2",0.450696172860246,0.0356849714208226,738.504531951033,0.380640099647529,0.520752246072963,"63","Acc_B_2"
64,"Acc_B_2",0.452600201467601,0.0355994362031899,735.57625581842,0.382711592695125,0.522488810240076,"64","Acc_B_2"
65,"Acc_B_2",0.454504230074955,0.0355140299337486,732.643476899669,0.384782830428414,0.524225629721497,"65","Acc_B_2"
66,"Acc_B_2",0.45640825868231,0.0354287535450452,729.706310715509,0.386853811000317,0.525962706364303,"66","Acc_B_2"
67,"Acc_B_2",0.458312287289664,0.0353436079772009,726.764874301375,0.388924532548837,0.527700042030492,"67","Acc_B_2"
68,"Acc_B_2",0.460216315897019,0.0352585941779692,723.819286200851,0.390994993196948,0.52943763859709,"68","Acc_B_2"
69,"Acc_B_2",0.462120344504373,0.0351737131027921,720.869666459279,0.393065191052486,0.531175497956261,"69","Acc_B_2"
70,"Acc_B_2",0.464024373111728,0.0350889657148581,717.916136616299,0.395135124208041,0.532913622015415,"70","Acc_B_2"
71,"Acc_B_2",0.465928401719082,0.0350043529851589,714.95881969801,0.397204790740845,0.53465201269732,"71","Acc_B_2"
72,"Acc_B_2",0.467832430326437,0.0349198758925467,711.997840208433,0.399274188712666,0.536390671940208,"72","Acc_B_2"
73,"Acc_B_2",0.469736458933791,0.0348355354237921,709.033324120752,0.401343316169694,0.538129601697889,"73","Acc_B_2"
74,"Acc_B_2",0.471640487541146,0.0347513325736415,706.065398867545,0.403412171142433,0.539868803939859,"74","Acc_B_2"
75,"Acc_B_2",0.473544516148501,0.0346672683448747,703.094193330804,0.405480751645592,0.541608280651409,"75","Acc_B_2"
76,"Acc_B_2",0.475448544755855,0.0345833437483626,700.119837830936,0.407549055677975,0.543348033833736,"76","Acc_B_2"
77,"Acc_B_2",0.47735257336321,0.0344995598031254,697.1424641157,0.409617081222367,0.545088065504052,"77","Acc_B_2"
78,"Acc_B_2",0.479256601970564,0.0344159175363899,694.16220534832,0.411684826245432,0.546828377695696,"78","Acc_B_2"
79,"Acc_B_2",0.481160630577919,0.0343324179836479,691.179196094684,0.413752288697596,0.548568972458242,"79","Acc_B_2"
80,"Acc_B_2",0.483064659185273,0.0342490621887136,688.193572310512,0.415819466512938,0.550309851857609,"80","Acc_B_2"
81,"Acc_B_2",0.484968687792628,0.0341658512037822,685.20547132765,0.417886357609085,0.552051017976171,"81","Acc_B_2"
82,"Acc_B_2",0.486872716399982,0.0340827860894874,682.215031839568,0.419952959887098,0.553792472912866,"82","Acc_B_2"
83,"Acc_B_2",0.488776745007337,0.0339998679149592,679.222393886717,0.422019271231364,0.555534218783309,"83","Acc_B_2"
84,"Acc_B_2",0.490680773614691,0.0339170977578822,676.227698840786,0.424085289509488,0.557276257719894,"84","Acc_B_2"
85,"Acc_B_2",0.492584802222046,0.0338344767045533,673.231089388717,0.426151012572182,0.55901859187191,"85","Acc_B_2"
86,"Acc_B_2",0.4944888308294,0.0337520058499391,670.232709516017,0.428216438253156,0.560761223405644,"86","Acc_B_2"
87,"Acc_B_2",0.496392859436755,0.0336696862977344,667.232704489269,0.430281564369014,0.562504154504495,"87","Acc_B_2"
88,"Acc_B_2",0.498296888044109,0.033587519160419,664.231220838331,0.432346388719141,0.564247387369078,"88","Acc_B_2"
89,"Acc_B_2",0.500200916651464,0.0335055055593157,661.228406337728,0.434410909085597,0.565990924217331,"89","Acc_B_2"
90,"Acc_B_2",0.502104945258818,0.0334236466246474,658.224409987505,0.43647512323301,0.567734767284627,"90","Acc_B_2"
91,"Acc_B_2",0.504008973866173,0.0333419434955947,655.219381993517,0.438539028908471,0.569478918823875,"91","Acc_B_2"
92,"Acc_B_2",0.505913002473527,0.0332603973203523,652.213473746895,0.440602623841423,0.571223381105632,"92","Acc_B_2"
93,"Acc_B_2",0.507817031080882,0.0331790092561867,649.206837803316,0.442665905743562,0.572968156418202,"93","Acc_B_2"
94,"Acc_B_2",0.509721059688237,0.0330977804694921,646.199627861221,0.444728872308724,0.574713247067749,"94","Acc_B_2"
95,"Acc_B_2",0.511625088295591,0.0330167121358475,643.191998739796,0.446791521212787,0.576458655378395,"95","Acc_B_2"
96,"Acc_B_2",0.513529116902946,0.0329358054400722,640.184106356079,0.448853850113565,0.578204383692326,"96","Acc_B_2"
97,"Acc_B_2",0.5154331455103,0.0328550615762825,637.176107701751,0.450915856650702,0.579950434369898,"97","Acc_B_2"
98,"Acc_B_2",0.517337174117655,0.0327744817479467,634.168160818988,0.452977538445575,0.581696809789734,"98","Acc_B_2"
99,"Acc_B_2",0.519241202725009,0.0326940671679406,631.160424776225,0.455038893101187,0.583443512348831,"99","Acc_B_2"
100,"Acc_B_2",0.521145231332364,0.0326138190586029,628.153059642691,0.45709991820207,0.585190544462658,"100","Acc_B_2"
101,"Acc_B_2",0.523049259939718,0.0325337386517891,625.146226463055,0.459160611314183,0.586937908565253,"101","Acc_B_2"
102,"Acc_B_2",0.524953288547073,0.0324538271889263,622.140087231012,0.461220969984816,0.58868560710933,"102","Acc_B_2"
103,"Acc_B_2",0.526857317154427,0.0323740859210669,619.134804862541,0.463280991742487,0.590433642566367,"103","Acc_B_2"
104,"Acc_B_2",0.528761345761782,0.0322945161089417,616.130543168481,0.465340674096852,0.592182017426712,"104","Acc_B_2"
105,"Acc_B_2",0.530665374369136,0.0322151190230135,613.12746682672,0.467400014538602,0.59393073419967,"105","Acc_B_2"
106,"Acc_B_2",0.532569402976491,0.0321358959435287,610.125741353701,0.469459010539376,0.595679795413606,"106","Acc_B_2"
107,"Acc_B_2",0.534473431583845,0.0320568481605699,607.125533075406,0.471517659551661,0.59742920361603,"107","Acc_B_2"
108,"Acc_B_2",0.5363774601912,0.0319779769741069,604.127009097995,0.473575959008704,0.599178961373696,"108","Acc_B_2"
109,"Acc_B_2",0.538281488798554,0.0318992836940478,601.130337277622,0.475633906324421,0.600929071272688,"109","Acc_B_2"
110,"Acc_B_2",0.540185517405909,0.0318207696402888,598.135686190125,0.477691498893306,0.602679535918511,"110","Acc_B_2"
111,"Acc_B_2",0.542089546013264,0.0317424361427641,595.143225099822,0.479748734090348,0.604430357936179,"111","Acc_B_2"
112,"Acc_B_2",0.543993574620618,0.0316642845414946,592.153123928224,0.481805609270937,0.606181539970299,"112","Acc_B_2"
113,"Acc_B_2",0.545897603227973,0.0315863161866364,589.165553221898,0.483862121770786,0.607933084685159,"113","Acc_B_2"
114,"Acc_B_2",0.547801631835327,0.0315085324385277,586.180684120245,0.485918268905849,0.609684994764805,"114","Acc_B_2"
115,"Acc_B_2",0.549705660442682,0.0314309346677359,583.198688322404,0.487974047972232,0.611437272913131,"115","Acc_B_2"
116,"Acc_B_2",0.551609689050036,0.0313535242551036,580.219738054202,0.490029456246124,0.613189921853949,"116","Acc_B_2"
117,"Acc_B_2",0.553513717657391,0.0312763025917931,577.24400603427,0.492084490983711,0.614942944331071,"117","Acc_B_2"
118,"Acc_B_2",0.555417746264745,0.0311992710793311,574.271665439972,0.494139149421106,0.616696343108384,"118","Acc_B_2"
119,"Acc_B_2",0.5573217748721,0.0311224311296519,571.302889872863,0.496193428774276,0.618450120969924,"119","Acc_B_2"
120,"Acc_B_2",0.559225803479454,0.0310457841651392,568.337853323846,0.498247326238965,0.620204280719944,"120","Acc_B_2"
121,"Acc_B_2",0.561129832086809,0.0309693316186683,565.376730137829,0.500300838990632,0.621958825182986,"121","Acc_B_2"
122,"Acc_B_2",0.563033860694163,0.0308930749336454,562.419694978171,0.502353964184381,0.623713757203946,"122","Acc_B_2"
123,"Acc_B_2",0.564937889301518,0.0308170155640479,559.466922790652,0.504406698954896,0.625469079648139,"123","Acc_B_2"
124,"Acc_B_2",0.566841917908872,0.0307411549744615,556.518588767287,0.506459040416383,0.627224795401362,"124","Acc_B_2"
125,"Acc_B_2",0.568745946516227,0.0306654946401178,553.574868309669,0.508510985662505,0.628980907369948,"125","Acc_B_2"
126,"Acc_B_2",0.570649975123581,0.0305900360469301,550.635936992177,0.510562531766331,0.630737418480831,"126","Acc_B_2"
127,"Acc_B_2",0.572554003730936,0.0305147806915276,547.701970524809,0.512613675780279,0.632494331681592,"127","Acc_B_2"
128,"Acc_B_2",0.57445803233829,0.0304397300812887,544.77314471574,0.514664414736065,0.634251649940516,"128","Acc_B_2"
129,"Acc_B_2",0.576362060945645,0.0303648857343734,541.849635433891,0.516714745644656,0.636009376246634,"129","Acc_B_2"
130,"Acc_B_2",0.578266089552999,0.0302902491797533,538.931618570882,0.518764665496224,0.637767513609775,"130","Acc_B_2"
131,"Acc_B_2",0.580170118160354,0.030215821957241,536.019270003068,0.520814171260104,0.639526065060604,"131","Acc_B_2"
132,"Acc_B_2",0.582074146767709,0.0301416056175177,533.112765553487,0.522863259884756,0.641285033650661,"132","Acc_B_2"
133,"Acc_B_2",0.583978175375063,0.0300676017221597,530.212280953244,0.524911928297727,0.643044422452399,"133","Acc_B_2"
134,"Acc_B_2",0.585882203982418,0.0299938118436622,527.317991803224,0.526960173405622,0.644804234559213,"134","Acc_B_2"
135,"Acc_B_2",0.587786232589772,0.0299202375654632,524.430073535346,0.529007992094073,0.646564473085471,"135","Acc_B_2"
136,"Acc_B_2",0.589690261197127,0.0298468804819641,521.548701373814,0.531055381227714,0.648325141166539,"136","Acc_B_2"
137,"Acc_B_2",0.591594289804481,0.0297737421985496,518.674050296492,0.533102337650161,0.650086241958801,"137","Acc_B_2"
138,"Acc_B_2",0.593498318411836,0.0297008243316055,515.806294995832,0.535148858183992,0.65184777863968,"138","Acc_B_2"
139,"Acc_B_2",0.59540234701919,0.0296281285085345,512.945609840155,0.537194939630734,0.653609754407646,"139","Acc_B_2"
140,"Acc_B_2",0.597306375626545,0.0295556563677704,510.092168834572,0.539240578770857,0.655372172482233,"140","Acc_B_2"
141,"Acc_B_2",0.599210404233899,0.0294834095587904,507.24614558226,0.541285772363761,0.657135036104037,"141","Acc_B_2"
142,"Acc_B_2",0.601114432841254,0.029411389742125,504.407713245434,0.543330517147782,0.658898348534726,"142","Acc_B_2"
143,"Acc_B_2",0.603018461448608,0.0293395985893659,501.577044506559,0.545374809840189,0.660662113057027,"143","Acc_B_2"
144,"Acc_B_2",0.604922490055963,0.0292680377831726,498.754311529683,0.547418647137197,0.662426332974729,"144","Acc_B_2"
145,"Acc_B_2",0.606826518663317,0.0291967090172757,495.939685921581,0.549462025713974,0.664191011612661,"145","Acc_B_2"
146,"Acc_B_2",0.608730547270672,0.0291256139964785,493.133338693374,0.551504942224659,0.665956152316684,"146","Acc_B_2"
147,"Acc_B_2",0.610634575878026,0.0290547544366566,490.335440222037,0.553547393302388,0.667721758453665,"147","Acc_B_2"
148,"Acc_B_2",0.612538604485381,0.0289841320647542,487.546160212083,0.555589375559313,0.669487833411449,"148","Acc_B_2"
149,"Acc_B_2",0.614442633092736,0.0289137486187793,484.765667657621,0.557630885586639,0.671254380598832,"149","Acc_B_2"
150,"Acc_B_2",0.61634666170009,0.0288436058477952,481.994130804331,0.559671919954659,0.673021403445521,"150","Acc_B_2"
151,"Acc_B_2",0.618250690307445,0.02877370551191,479.231717111903,0.561712475212796,0.674788905402093,"151","Acc_B_2"
152,"Acc_B_2",0.620154718914799,0.0287040493822635,476.478593216602,0.56375254788965,0.676556889939948,"152","Acc_B_2"
153,"Acc_B_2",0.622058747522154,0.0286346392410114,473.734924894169,0.565792134493053,0.678325360551255,"153","Acc_B_2"
154,"Acc_B_2",0.623962776129508,0.0285654768813068,471.000877022882,0.567831231510123,0.680094320748893,"154","Acc_B_2"
155,"Acc_B_2",0.625866804736863,0.0284965641072784,468.276613547109,0.569869835407336,0.681863774066389,"155","Acc_B_2"
156,"Acc_B_2",0.627770833344217,0.0284279027340065,465.562297441097,0.571907942630588,0.683633724057846,"156","Acc_B_2"
157,"Acc_B_2",0.629674861951572,0.0283594945874955,462.858090673128,0.573945549605278,0.685404174297865,"157","Acc_B_2"
158,"Acc_B_2",0.631578890558926,0.028291341504644,460.164154170008,0.575982652736388,0.687175128381464,"158","Acc_B_2"
159,"Acc_B_2",0.633482919166281,0.028223445333211,457.480647782135,0.578019248408571,0.68894658992399,"159","Acc_B_2"
160,"Acc_B_2",0.635386947773635,0.0281558079317794,454.807730248757,0.580055332986249,0.690718562561021,"160","Acc_B_2"
161,"Acc_B_2",0.63729097638099,0.0280884311697166,452.145559163775,0.582090902813715,0.692491049948265,"161","Acc_B_2"
162,"Acc_B_2",0.639195004988344,0.028021316927131,449.494290942083,0.584125954215238,0.694264055761451,"162","Acc_B_2"
163,"Acc_B_2",0.641099033595699,0.0279544670948254,446.854080786318,0.586160483495183,0.696037583696214,"163","Acc_B_2"
164,"Acc_B_2",0.643003062203053,0.0278878835742475,444.225082654071,0.588194486938133,0.697811637467973,"164","Acc_B_2"
165,"Acc_B_2",0.644907090810408,0.0278215682774361,441.607449225722,0.590227960809018,0.699586220811798,"165","Acc_B_2"
166,"Acc_B_2",0.646811119417762,0.0277555231269643,439.001331872784,0.59226090135325,0.701361337482275,"166","Acc_B_2"
167,"Acc_B_2",0.648715148025117,0.0276897500558782,436.406880626771,0.594293304796871,0.703136991253363,"167","Acc_B_2"
168,"Acc_B_2",0.650619176632471,0.0276242510076331,433.824244148714,0.596325167346704,0.704913185918239,"168","Acc_B_2"
169,"Acc_B_2",0.652523205239826,0.0275590279360245,431.253569699296,0.598356485190512,0.70668992528914,"169","Acc_B_2"
170,"Acc_B_2",0.65442723384718,0.0274940828051163,428.695003109447,0.600387254497167,0.708467213197194,"170","Acc_B_2"
171,"Acc_B_2",0.656331262454535,0.0274294175891642,426.148688751822,0.602417471416822,0.710245053492248,"171","Acc_B_2"
172,"Acc_B_2",0.65823529106189,0.0273650342725359,423.614769512823,0.604447132081099,0.71202345004268,"172","Acc_B_2"
173,"Acc_B_2",0.660139319669244,0.0273009348496261,421.093386765175,0.606476232603278,0.71380240673521,"173","Acc_B_2"
174,"Acc_B_2",0.662043348276599,0.0272371213247681,418.584680341453,0.608504769078497,0.7155819274747,"174","Acc_B_2"
175,"Acc_B_2",0.663947376883953,0.0271735957121413,416.088788508064,0.610532737583962,0.717362016183944,"175","Acc_B_2"
176,"Acc_B_2",0.665851405491308,0.027110360035673,413.605847940204,0.612560134179165,0.719142676803451,"176","Acc_B_2"
177,"Acc_B_2",0.667755434098662,0.0270474163289376,411.135993697281,0.614586954906104,0.72092391329122,"177","Acc_B_2"
178,"Acc_B_2",0.669659462706017,0.0269847666350498,408.679359199337,0.616613195789527,0.722705729622507,"178","Acc_B_2"
179,"Acc_B_2",0.671563491313371,0.0269224130065539,406.236076204114,0.618638852837167,0.724488129789575,"179","Acc_B_2"
180,"Acc_B_2",0.673467519920726,0.0268603575053084,403.806274784922,0.620663922040001,0.72627111780145,"180","Acc_B_2"
181,"Acc_B_2",0.67537154852808,0.0267986022023658,401.390083309361,0.622688399372509,0.728054697683651,"181","Acc_B_2"
182,"Acc_B_2",0.677275577135435,0.0267371491778473,398.987628418739,0.624712280792945,0.729838873477924,"182","Acc_B_2"
183,"Acc_B_2",0.679179605742789,0.0266760005208133,396.599035008466,0.626735562243621,0.731623649241958,"183","Acc_B_2"
184,"Acc_B_2",0.681083634350144,0.0266151583291279,394.224426209144,0.628758239651193,0.733409029049094,"184","Acc_B_2"
185,"Acc_B_2",0.682987662957498,0.0265546247093198,391.863923368592,0.630780308926967,0.73519501698803,"185","Acc_B_2"
186,"Acc_B_2",0.684891691564853,0.0264944017764364,389.5176460347,0.632801765967201,0.736981617162504,"186","Acc_B_2"
187,"Acc_B_2",0.686795720172207,0.0264344916538943,387.185711939142,0.634822606653435,0.73876883369098,"187","Acc_B_2"
188,"Acc_B_2",0.688699748779562,0.0263748964733234,384.868236981956,0.636842826852812,0.740556670706312,"188","Acc_B_2"
189,"Acc_B_2",0.690603777386916,0.0263156183744064,382.565335217029,0.638862422418423,0.74234513235541,"189","Acc_B_2"
190,"Acc_B_2",0.692507805994271,0.0262566595047126,380.277118838546,0.640881389189656,0.744134222798886,"190","Acc_B_2"
191,"Acc_B_2",0.694411834601625,0.0261980220195264,378.003698168129,0.642899722992557,0.745923946210693,"191","Acc_B_2"
192,"Acc_B_2",0.69631586320898,0.0261397080816698,375.745181643115,0.644917419640202,0.747714306777758,"192","Acc_B_2"
193,"Acc_B_2",0.698219891816335,0.0260817198613202,373.501675805587,0.646934474933075,0.749505308699594,"193","Acc_B_2"
194,"Acc_B_2",0.700123920423689,0.026024059535822,371.273285292452,0.648950884659466,0.751296956187912,"194","Acc_B_2"
195,"Acc_B_2",0.702027949031044,0.0259667292894924,369.0601128263,0.65096664459587,0.753089253466218,"195","Acc_B_2"
196,"Acc_B_2",0.703931977638398,0.0259097313134217,366.862259207301,0.652981750507401,0.754882204769395,"196","Acc_B_2"
197,"Acc_B_2",0.705836006245753,0.0258530678052679,364.67982330597,0.654996198148219,0.756675814343286,"197","Acc_B_2"
198,"Acc_B_2",0.707740034853107,0.025796740969045,362.512902056874,0.657009983261964,0.758470086444251,"198","Acc_B_2"
199,"Acc_B_2",0.709644063460462,0.0257407530149058,360.36159045335,0.659023101582201,0.760265025338723,"199","Acc_B_2"
200,"Acc_B_2",0.711548092067816,0.0256851061589183,358.225981542954,0.66103554883288,0.762060635302752,"200","Acc_B_2"
201,"Acc_B_2",0.713452120675171,0.025629802622837,356.106166424107,0.663047320728805,0.763856920621536,"201","Acc_B_2"
202,"Acc_B_2",0.715356149282525,0.0255748446338665,354.002234243488,0.665058412976112,0.765653885588939,"202","Acc_B_2"
203,"Acc_B_2",0.71726017788988,0.0255202344244207,351.91427219442,0.667068821272759,0.767451534507001,"203","Acc_B_2"
204,"Acc_B_2",0.719164206497234,0.0254659742318748,349.842365516175,0.669078541309032,0.769249871685437,"204","Acc_B_2"
205,"Acc_B_2",0.721068235104589,0.0254120662983118,347.786597494269,0.671087568768056,0.771048901441122,"205","Acc_B_2"
206,"Acc_B_2",0.722972263711943,0.0253585128702616,345.747049461554,0.673095899326319,0.772848628097567,"206","Acc_B_2"
207,"Acc_B_2",0.724876292319298,0.0253053161984355,343.723800800369,0.675103528654212,0.774649055984384,"207","Acc_B_2"
208,"Acc_B_2",0.726780320926652,0.0252524785374532,341.716928945538,0.67711045241657,0.776450189436735,"208","Acc_B_2"
209,"Acc_B_2",0.728684349534007,0.0252000021455637,339.726509388253,0.679116666273237,0.778252032794777,"209","Acc_B_2"
210,"Acc_B_2",0.730588378141362,0.0251478892843603,337.75261568098,0.681122165879632,0.780054590403091,"210","Acc_B_2"
211,"Acc_B_2",0.732492406748716,0.025096142218489,335.795319443078,0.683126946887333,0.781857866610099,"211","Acc_B_2"
212,"Acc_B_2",0.734396435356071,0.0250447632153502,333.854690367535,0.685131004944665,0.783661865767476,"212","Acc_B_2"
213,"Acc_B_2",0.736300463963425,0.0249937545447946,331.93079622838,0.687134335697311,0.785466592229539,"213","Acc_B_2"
214,"Acc_B_2",0.73820449257078,0.0249431184788124,330.023702889115,0.689136934788919,0.78727205035264,"214","Acc_B_2"
215,"Acc_B_2",0.740108521178134,0.0248928572912162,328.133474311953,0.691138797861736,0.789078244494532,"215","Acc_B_2"
216,"Acc_B_2",0.742012549785489,0.0248429732573175,326.260172567922,0.693139920557238,0.790885179013739,"216","Acc_B_2"
217,"Acc_B_2",0.743916578392843,0.0247934686535966,324.403857847805,0.695140298516784,0.792692858268903,"217","Acc_B_2"
218,"Acc_B_2",0.745820607000198,0.0247443457573667,322.564588473956,0.697139927382272,0.794501286618124,"218","Acc_B_2"
219,"Acc_B_2",0.747724635607552,0.0246956068464312,320.742420912919,0.699138802796811,0.796310468418294,"219","Acc_B_2"
220,"Acc_B_2",0.749628664214907,0.0246472541987345,318.937409788808,0.701136920405401,0.798120408024412,"220","Acc_B_2"
221,"Acc_B_2",0.751532692822261,0.0245992900920071,317.149607897617,0.703134275855628,0.799931109788895,"221","Acc_B_2"
222,"Acc_B_2",0.753436721429616,0.0245517168034041,315.379066222155,0.70513086479836,0.801742578060872,"222","Acc_B_2"
223,"Acc_B_2",0.75534075003697,0.0245045366091372,313.625833947862,0.707126682888466,0.803554817185475,"223","Acc_B_2"
224,"Acc_B_2",0.757244778644325,0.0244577517841008,311.889958479409,0.709121725785538,0.805367831503112,"224","Acc_B_2"
225,"Acc_B_2",0.759148807251679,0.0244113646014919,310.171485457896,0.711115989154622,0.807181625348736,"225","Acc_B_2"
226,"Acc_B_2",0.761052835859034,0.0243653773324242,308.470458778974,0.713109468666967,0.808996203051101,"226","Acc_B_2"
227,"Acc_B_2",0.762956864466389,0.0243197922455354,306.786920611513,0.715102160000772,0.810811568932006,"227","Acc_B_2"
228,"Acc_B_2",0.764860893073743,0.024274611606589,305.120911417042,0.717094058841954,0.812627727305532,"228","Acc_B_2"
229,"Acc_B_2",0.766764921681098,0.0242298376780702,303.472469969891,0.719085160884922,0.814444682477273,"229","Acc_B_2"
230,"Acc_B_2",0.768668950288452,0.0241854727187763,301.841633377948,0.721075461833355,0.816262438743549,"230","Acc_B_2"
231,"Acc_B_2",0.770572978895807,0.0241415189834001,300.228437104086,0.723064957401,0.818081000390613,"231","Acc_B_2"
232,"Acc_B_2",0.772477007503161,0.0240979787221088,298.632914988224,0.725053643312466,0.819900371693856,"232","Acc_B_2"
233,"Acc_B_2",0.774381036110516,0.0240548541801172,297.055099269953,0.727041515304041,0.821720556916991,"233","Acc_B_2"
234,"Acc_B_2",0.77628506471787,0.0240121475972547,295.495020611831,0.729028569124502,0.823541560311238,"234","Acc_B_2"
235,"Acc_B_2",0.778189093325225,0.0239698612075277,293.952708123177,0.73101480053595,0.825363386114499,"235","Acc_B_2"
236,"Acc_B_2",0.780093121932579,0.0239279972386759,292.428189384475,0.733000205314641,0.827186038550518,"236","Acc_B_2"
237,"Acc_B_2",0.781997150539934,0.0238865579117247,290.92149047223,0.734984779251825,0.829009521828042,"237","Acc_B_2"
238,"Acc_B_2",0.783901179147288,0.0238455454405309,289.432635984467,0.736968518154605,0.830833840139971,"238","Acc_B_2"
239,"Acc_B_2",0.785805207754643,0.0238049620313249,287.961649066589,0.738951417846786,0.832658997662499,"239","Acc_B_2"
240,"Acc_B_2",0.787709236361997,0.0237648098822474,286.508551437772,0.740933474169745,0.834484998554249,"240","Acc_B_2"
241,"Acc_B_2",0.789613264969352,0.023725091182882,285.073363417824,0.7429146829833,0.836311846955404,"241","Acc_B_2"
242,"Acc_B_2",0.791517293576706,0.0236858081137822,283.656103954469,0.744895040166587,0.838139546986826,"242","Acc_B_2"
243,"Acc_B_2",0.793421322184061,0.0236469628459958,282.256790650945,0.746874541618947,0.839968102749174,"243","Acc_B_2"
244,"Acc_B_2",0.795325350791415,0.0236085575405838,280.875439794188,0.748853183260814,0.841797518322017,"244","Acc_B_2"
245,"Acc_B_2",0.79722937939877,0.0235705943481354,279.512066383151,0.750830961034607,0.843627797762932,"245","Acc_B_2"
246,"Acc_B_2",0.799133408006125,0.0235330754082803,278.166684157688,0.752807870905637,0.845458945106612,"246","Acc_B_2"
247,"Acc_B_2",0.801037436613479,0.0234960028491955,276.839305627583,0.754783908863004,0.847290964363954,"247","Acc_B_2"
248,"Acc_B_2",0.802941465220834,0.023459378787111,275.529942101967,0.756759070920511,0.849123859521156,"248","Acc_B_2"
249,"Acc_B_2",0.804845493828188,0.02342320532581,274.238603719015,0.758733353117579,0.850957634538798,"249","Acc_B_2"
250,"Acc_B_2",0.806749522435543,0.0233874845561276,272.965299475887,0.760706751520156,0.852792293350929,"250","Acc_B_2"
251,"Acc_B_2",0.808653551042897,0.0233522185554458,271.710037258868,0.762679262221646,0.854627839864148,"251","Acc_B_2"
252,"Acc_B_2",0.810557579650252,0.0233174093871866,270.472823873784,0.764650881343826,0.856464277956677,"252","Acc_B_2"
253,"Acc_B_2",0.812461608257606,0.0232830591003022,269.253665076567,0.766621605037773,0.85830161147744,"253","Acc_B_2"
254,"Acc_B_2",0.814365636864961,0.0232491697287627,268.052565603992,0.76859142948479,0.860139844245132,"254","Acc_B_2"
255,"Acc_B_2",0.816269665472315,0.0232157432910433,266.869529204566,0.770560350897336,0.861978980047294,"255","Acc_B_2"
256,"Acc_B_2",0.81817369407967,0.0231827817896079,265.704558669526,0.772528365519955,0.863819022639384,"256","Acc_B_2"
257,"Acc_B_2",0.820077722687024,0.0231502872103929,264.557655863968,0.774495469630207,0.865659975743841,"257","Acc_B_2"
258,"Acc_B_2",0.821981751294379,0.0231182615222887,263.428821758047,0.776461659539596,0.867501843049161,"258","Acc_B_2"
259,"Acc_B_2",0.823885779901733,0.0230867066766211,262.318056458164,0.778426931594503,0.869344628208963,"259","Acc_B_2"
260,"Acc_B_2",0.825789808509088,0.0230556246066312,261.225359238295,0.780391282177115,0.87118833484106,"260","Acc_B_2"
261,"Acc_B_2",0.827693837116442,0.0230250172269557,260.150728571266,0.782354707706351,0.873032966526534,"261","Acc_B_2"
262,"Acc_B_2",0.829597865723797,0.0229948864331064,259.094162160023,0.784317204638792,0.874878526808802,"262","Acc_B_2"
263,"Acc_B_2",0.831501894331151,0.0229652341009507,258.055656968879,0.786278769469601,0.876725019192702,"263","Acc_B_2"
264,"Acc_B_2",0.833405922938506,0.0229360620861915,257.035209254738,0.78823939873345,0.878572447143562,"264","Acc_B_2"
265,"Acc_B_2",0.835309951545861,0.0229073722238484,256.032814598153,0.790199089005433,0.880420814086288,"265","Acc_B_2"
266,"Acc_B_2",0.837213980153215,0.0228791663277401,255.048467934398,0.792157836901986,0.882270123404444,"266","Acc_B_2"
267,"Acc_B_2",0.83911800876057,0.0228514461899681,254.082163584354,0.794115639081794,0.884120378439345,"267","Acc_B_2"
268,"Acc_B_2",0.841022037367924,0.0228242135804011,253.133895285255,0.796072492246699,0.885971582489149,"268","Acc_B_2"
269,"Acc_B_2",0.842926065975279,0.0227974702461629,252.203656221323,0.7980283931426,0.887823738807958,"269","Acc_B_2"
270,"Acc_B_2",0.844830094582633,0.0227712179111206,251.291439054179,0.799983338560347,0.889676850604919,"270","Acc_B_2"
271,"Acc_B_2",0.846734123189988,0.0227454582753778,250.397235953037,0.801937325336634,0.891530921043341,"271","Acc_B_2"
272,"Acc_B_2",0.848638151797342,0.0227201930147681,249.52103862477,0.803890350354877,0.893385953239807,"272","Acc_B_2"
273,"Acc_B_2",0.850542180404697,0.0226954237803533,248.662838343597,0.805842410546093,0.895241950263301,"273","Acc_B_2"
274,"Acc_B_2",0.852446209012051,0.0226711521979253,247.822625980622,0.807793502889762,0.89709891513434,"274","Acc_B_2"
275,"Acc_B_2",0.854350237619406,0.0226473798675101,247.000392033071,0.809743624414693,0.898956850824118,"275","Acc_B_2"
276,"Acc_B_2",0.85625426622676,0.0226241083628786,246.196126653192,0.811692772199869,0.900815760253652,"276","Acc_B_2"
277,"Acc_B_2",0.858158294834115,0.0226013392310585,245.409819676804,0.81364094337529,0.90267564629294,"277","Acc_B_2"
278,"Acc_B_2",0.860062323441469,0.0225790739918548,244.641460651695,0.815588135122805,0.904536511760134,"278","Acc_B_2"
279,"Acc_B_2",0.861966352048824,0.0225573141373717,243.891038865411,0.817534344676932,0.906398359420715,"279","Acc_B_2"
280,"Acc_B_2",0.863870380656178,0.0225360611315427,243.158543372829,0.81947956932567,0.908261191986687,"280","Acc_B_2"
281,"Acc_B_2",0.865774409263533,0.0225153164096655,242.443963023367,0.821423806411294,0.910125012115772,"281","Acc_B_2"
282,"Acc_B_2",0.867678437870887,0.0224950813779416,241.747286487642,0.823367053331146,0.911989822410629,"282","Acc_B_2"
283,"Acc_B_2",0.869582466478242,0.0224753574130254,241.06850228382,0.82530930753841,0.913855625418074,"283","Acc_B_2"
284,"Acc_B_2",0.871486495085597,0.0224561458615766,240.407598803523,0.827250566542871,0.915722423628322,"284","Acc_B_2"
285,"Acc_B_2",0.873390523692951,0.0224374480398223,239.764564337198,0.829190827911666,0.917590219474236,"285","Acc_B_2"
286,"Acc_B_2",0.875294552300306,0.0224192652331247,239.139387099104,0.83113008927002,0.919459015330591,"286","Acc_B_2"
287,"Acc_B_2",0.87719858090766,0.0224015986955578,238.532055251749,0.833068348301963,0.921328813513357,"287","Acc_B_2"
288,"Acc_B_2",0.879102609515015,0.0223844496494908,237.942556929852,0.83500560275104,0.923199616278989,"288","Acc_B_2"
289,"Acc_B_2",0.881006638122369,0.0223678192851807,237.370880263786,0.836941850421002,0.925071425823736,"289","Acc_B_2"
290,"Acc_B_2",0.882910666729724,0.0223517087603739,236.817013402476,0.838877089176476,0.926944244282971,"290","Acc_B_2"
291,"Acc_B_2",0.884814695337078,0.0223361191999147,236.280944535749,0.840811316943633,0.928818073730523,"291","Acc_B_2"
292,"Acc_B_2",0.886718723944433,0.0223210516953654,235.762661916167,0.842744531710822,0.930692916178044,"292","Acc_B_2"
293,"Acc_B_2",0.888622752551787,0.0223065073046341,235.262153880193,0.844676731529202,0.932568773574373,"293","Acc_B_2"
294,"Acc_B_2",0.890526781159142,0.0222924870516138,234.779408868908,0.846607914513349,0.934445647804935,"294","Acc_B_2"
295,"Acc_B_2",0.892430809766496,0.0222789919258298,234.314415447977,0.848538078841844,0.936323540691148,"295","Acc_B_2"
296,"Acc_B_2",0.894334838373851,0.0222660228820993,233.867162327127,0.850467222757851,0.938202453989851,"296","Acc_B_2"
297,"Acc_B_2",0.896238866981205,0.0222535808401995,233.437638378954,0.852395344569666,0.940082389392745,"297","Acc_B_2"
298,"Acc_B_2",0.89814289558856,0.0222416666845488,233.025832657097,0.854322442651255,0.941963348525865,"298","Acc_B_2"
299,"Acc_B_2",0.900046924195914,0.0222302812638976,232.631734413749,0.85624851544277,0.943845332949059,"299","Acc_B_2"
300,"Acc_B_2",0.901950952803269,0.0222194253910305,232.255333116563,0.858173561451043,0.945728344155495,"300","Acc_B_2"
301,"Acc_B_2",0.903854981410623,0.0222090998424812,231.896618464886,0.860097579250066,0.947612383571181,"301","Acc_B_2"
302,"Acc_B_2",0.905759010017978,0.0221993053582579,231.555580405295,0.862020567481444,0.949497452554512,"302","Acc_B_2"
303,"Acc_B_2",0.907663038625332,0.0221900426415815,231.232209146414,0.863942524854832,0.951383552395833,"303","Acc_B_2"
304,"Acc_B_2",0.909567067232687,0.0221813123586361,230.926495173155,0.865863450148349,0.953270684317025,"304","Acc_B_2"
305,"Acc_B_2",0.911471095840042,0.0221731151383316,230.638429260193,0.867783342208971,0.955158849471112,"305","Acc_B_2"
306,"Acc_B_2",0.913375124447396,0.0221654515720793,230.368002484695,0.869702199952904,0.957048048941888,"306","Acc_B_2"
307,"Acc_B_2",0.91527915305475,0.0221583222135797,230.115206238395,0.871620022365934,0.958938283743567,"307","Acc_B_2"
308,"Acc_B_2",0.917183181662105,0.0221517275786247,229.880032238979,0.873536808503753,0.960829554820457,"308","Acc_B_2"
309,"Acc_B_2",0.91908721026946,0.0221456681449111,229.662472540659,0.875452557492269,0.96272186304665,"309","Acc_B_2"
310,"Acc_B_2",0.920991238876814,0.0221401443518694,229.462519544067,0.877367268527887,0.964615209225742,"310","Acc_B_2"
311,"Acc_B_2",0.922895267484169,0.0221351566005043,229.280166005414,0.879280940877769,0.966509594090569,"311","Acc_B_2"
312,"Acc_B_2",0.924799296091523,0.0221307052532501,229.115405044903,0.881193573880074,0.968405018302972,"312","Acc_B_2"
313,"Acc_B_2",0.926703324698878,0.0221267906338394,228.968230154395,0.883105166944175,0.97030148245358,"313","Acc_B_2"
314,"Acc_B_2",0.928607353306232,0.0221234130271856,228.838635204313,0.885015719550846,0.972198987061619,"314","Acc_B_2"
315,"Acc_B_2",0.930511381913587,0.0221205726792794,228.726614449789,0.886925231252435,0.974097532574739,"315","Acc_B_2"
316,"Acc_B_2",0.932415410520941,0.0221182697970991,228.632162536148,0.888833701673009,0.975997119368873,"316","Acc_B_2"
317,"Acc_B_2",0.934319439128296,0.0221165045485357,228.555274503459,0.890741130508476,0.977897747748116,"317","Acc_B_2"
318,"Acc_B_2",0.93622346773565,0.0221152770623315,228.495945790524,0.892647517526681,0.97979941794462,"318","Acc_B_2"
319,"Acc_B_2",0.938127496343005,0.0221145874280332,228.45417223789,0.894552862567483,0.981702130118526,"319","Acc_B_2"
320,"Acc_B_2",0.940031524950359,0.0221144356959591,228.429950090328,0.89645716554281,0.983605884357909,"320","Acc_B_2"
321,"Acc_B_2",0.941935553557714,0.0221148218771811,228.423275998394,0.898360426436677,0.985510680678751,"321","Acc_B_2"
322,"Acc_B_2",0.943839582165069,0.0221157459435202,228.434147019231,0.9002626453052,0.987416519024938,"322","Acc_B_2"
323,"Acc_B_2",0.945743610772423,0.0221172078275575,228.462560616691,0.902163822276568,0.989323399268277,"323","Acc_B_2"
324,"Acc_B_2",0.947647639379777,0.0221192074226579,228.508514660651,0.904063957551008,0.991231321208547,"324","Acc_B_2"
325,"Acc_B_2",0.949551667987132,0.0221217445830093,228.572007425503,0.905963051400708,0.993140284573556,"325","Acc_B_2"
326,"Acc_B_2",0.951455696594487,0.0221248191236763,228.653037588014,0.907861104169733,0.99505028901924,"326","Acc_B_2"
327,"Acc_B_2",0.953359725201841,0.0221284308206667,228.751604224343,0.909758116273909,0.996961334129774,"327","Acc_B_2"
328,"Acc_B_2",0.955263753809195,0.0221325794110136,228.867706806284,0.911654088200681,0.99887341941771,"328","Acc_B_2"
329,"Acc_B_2",0.95716778241655,0.0221372645928706,229.001345196803,0.913549020508961,1.00078654432414,"329","Acc_B_2"
330,"Acc_B_2",0.959071811023905,0.0221424860256218,229.152519644862,0.915442913828933,1.00270070821888,"330","Acc_B_2"
331,"Acc_B_2",0.960975839631259,0.0221482433300046,229.321230779376,0.917335768861851,1.00461591040067,"331","Acc_B_2"
332,"Acc_B_2",0.962879868238614,0.0221545360882481,229.507479602546,0.919227586379809,1.00653215009742,"332","Acc_B_2"
333,"Acc_B_2",0.964783896845968,0.0221613638442229,229.711267482402,0.921118367225485,1.00844942646645,"333","Acc_B_2"
334,"Acc_B_2",0.966687925453323,0.0221687261036066,229.932596144624,0.923008112311863,1.01036773859478,"334","Acc_B_2"
335,"Acc_B_2",0.968591954060677,0.022176622334061,230.171467663614,0.924896822621943,1.01228708549941,"335","Acc_B_2"
336,"Acc_B_2",0.970495982668032,0.0221850519654241,230.427884452924,0.926784499208409,1.01420746612765,"336","Acc_B_2"
337,"Acc_B_2",0.972400011275386,0.022194014389914,230.701849254857,0.928671143193295,1.01612887935748,"337","Acc_B_2"
338,"Acc_B_2",0.974304039882741,0.0222035089623467,230.99336512949,0.930556755767615,1.01805132399787,"338","Acc_B_2"
339,"Acc_B_2",0.976208068490095,0.0222135350003653,231.302435442858,0.932441338190982,1.01997479878921,"339","Acc_B_2"
340,"Acc_B_2",0.97811209709745,0.0222240917846839,231.629063854571,0.934324891791194,1.02189930240371,"340","Acc_B_2"
341,"Acc_B_2",0.980016125704804,0.0222351785593414,231.973254304694,0.936207417963814,1.0238248334458,"341","Acc_B_2"
342,"Acc_B_2",0.981920154312159,0.0222467945319701,232.335010999928,0.938088918171713,1.02575139045261,"342","Acc_B_2"
343,"Acc_B_2",0.983824182919514,0.0222589388740736,232.714338399212,0.939969393944606,1.02767897189442,"343","Acc_B_2"
344,"Acc_B_2",0.985728211526868,0.0222716107213184,233.11124119851,0.941848846878563,1.02960757617517,"344","Acc_B_2"
345,"Acc_B_2",0.987632240134222,0.0222848091738361,233.525724315172,0.943727278635496,1.03153720163295,"345","Acc_B_2"
346,"Acc_B_2",0.989536268741577,0.0222985332965375,233.957792871449,0.945604690942636,1.03346784654052,"346","Acc_B_2"
347,"Acc_B_2",0.991440297348932,0.0223127821194364,234.407452177542,0.947481085591979,1.03539950910588,"347","Acc_B_2"
348,"Acc_B_2",0.993344325956286,0.0223275546379859,234.874707713904,0.949356464439728,1.03733218747284,"348","Acc_B_2"
349,"Acc_B_2",0.995248354563641,0.0223428498134235,235.359565113063,0.951230829405703,1.03926587972158,"349","Acc_B_2"
350,"Acc_B_2",0.997152383170995,0.0223586665731276,235.862030140787,0.953104182472744,1.04120058386925,"350","Acc_B_2"
351,"Acc_B_2",0.99905641177835,0.022375003810984,236.38210867662,0.954976525686086,1.04313629787061,"351","Acc_B_2"
352,"Acc_B_2",1.0009604403857,0.0223918603877604,236.919806694,0.956847861152728,1.04507301961868,"352","Acc_B_2"
353,"Acc_B_2",1.00286446899306,0.0224092351314922,237.47513023971,0.958718191040778,1.04701074694534,"353","Acc_B_2"
354,"Acc_B_2",1.00476849760041,0.0224271268378768,238.048085412767,0.960587517578782,1.04894947762204,"354","Acc_B_2"
355,"Acc_B_2",1.00667252620777,0.0224455342706753,238.638678342884,0.962455843055045,1.05088920936049,"355","Acc_B_2"
356,"Acc_B_2",1.00857655481512,0.0224644561621257,239.246915168406,0.964323169816925,1.05282993981332,"356","Acc_B_2"
357,"Acc_B_2",1.01048058342248,0.0224838912133604,239.872802013595,0.966189500270122,1.05477166657483,"357","Acc_B_2"
358,"Acc_B_2",1.01238461202983,0.0225038380948347,240.516344965689,0.968054836877947,1.05671438718172,"358","Acc_B_2"
359,"Acc_B_2",1.01428864063719,0.0225242954467611,241.177550051276,0.969919182160583,1.05865809911379,"359","Acc_B_2"
360,"Acc_B_2",1.01619266924454,0.0225452618795523,241.856423212309,0.97178253869432,1.06060279979476,"360","Acc_B_2"
361,"Acc_B_2",1.0180966978519,0.0225667359742687,242.552970281685,0.973644909110799,1.06254848659299,"361","Acc_B_2"
362,"Acc_B_2",1.02000072645925,0.0225887162830751,243.267196958404,0.975506296096216,1.06449515682228,"362","Acc_B_2"
363,"Acc_B_2",1.0219047550666,0.022611201329702,243.999108782287,0.977366702390541,1.06644280774267,"363","Acc_B_2"
364,"Acc_B_2",1.02380878367396,0.0226341896099137,244.74871110833,0.979226130786706,1.06839143656121,"364","Acc_B_2"
365,"Acc_B_2",1.02571281228131,0.0226576795919813,245.516009080746,0.981084584129789,1.07034104043284,"365","Acc_B_2"
366,"Acc_B_2",1.02761684088867,0.0226816697171614,246.301007606512,0.982942065316192,1.07229161646114,"366","Acc_B_2"
367,"Acc_B_2",1.02952086949602,0.0227061584001799,247.103711328753,0.984798577292803,1.07424316169924,"367","Acc_B_2"
368,"Acc_B_2",1.03142489810338,0.0227311440297198,247.924124599689,0.986654123056148,1.07619567315061,"368","Acc_B_2"
369,"Acc_B_2",1.03332892671073,0.0227566249689146,248.762251453282,0.988508705651541,1.07814914776992,"369","Acc_B_2"
370,"Acc_B_2",1.03523295531809,0.0227825995558439,249.618095577706,0.990362328172215,1.08010358246396,"370","Acc_B_2"
371,"Acc_B_2",1.03713698392544,0.0228090661040342,250.491660287491,0.992214993758461,1.08205897409242,"371","Acc_B_2"
372,"Acc_B_2",1.03904101253279,0.0228360229029623,251.38294849531,0.994066705596738,1.08401531946885,"372","Acc_B_2"
373,"Acc_B_2",1.04094504114015,0.0228634682185616,252.291962683806,0.9959174669188,1.0859726153615,"373","Acc_B_2"
374,"Acc_B_2",1.0428490697475,0.0228914002937325,253.21870487695,0.997767281000795,1.08793085849421,"374","Acc_B_2"
375,"Acc_B_2",1.04475309835486,0.0229198173488525,254.163176611345,0.999616151162373,1.08989004554734,"375","Acc_B_2"
376,"Acc_B_2",1.04665712696221,0.0229487175822915,255.125378907431,1.00146408076578,1.09185017315864,"376","Acc_B_2"
377,"Acc_B_2",1.04856115556957,0.0229780991709267,256.105312240284,1.00331107321497,1.09381123792417,"377","Acc_B_2"
378,"Acc_B_2",1.05046518417692,0.0230079602706596,257.102976510638,1.00515713195465,1.0957732363992,"378","Acc_B_2"
379,"Acc_B_2",1.05236921278428,0.0230382990169353,258.11837101553,1.0070022604694,1.09773616509915,"379","Acc_B_2"
380,"Acc_B_2",1.05427324139163,0.0230691135252601,259.15149441895,1.00884646228277,1.09970002050049,"380","Acc_B_2"
381,"Acc_B_2",1.05617726999899,0.0231004018917227,260.202344722465,1.0106897409563,1.10166479904167,"381","Acc_B_2"
382,"Acc_B_2",1.05808129860634,0.0231321621935137,261.270919235773,1.01253210008866,1.10363049712402,"382","Acc_B_2"
383,"Acc_B_2",1.05998532721369,0.0231643924894458,262.357214547148,1.01437354331467,1.10559711111272,"383","Acc_B_2"
384,"Acc_B_2",1.06188935582105,0.0231970908204739,263.461226494031,1.01621407430442,1.10756463733768,"384","Acc_B_2"
385,"Acc_B_2",1.0637933844284,0.0232302552102142,264.582950133549,1.0180536967623,1.10953307209451,"385","Acc_B_2"
386,"Acc_B_2",1.06569741303576,0.0232638836654631,265.722379713035,1.0198924144261,1.11150241164541,"386","Acc_B_2"
387,"Acc_B_2",1.06760144164311,0.0232979741767148,266.879508640728,1.02173023106609,1.11347265222013,"387","Acc_B_2"
388,"Acc_B_2",1.06950547025047,0.0233325247186775,268.054329456456,1.02356715048405,1.11544379001688,"388","Acc_B_2"
389,"Acc_B_2",1.07140949885782,0.0233675332507876,269.246833802409,1.02540317651238,1.11741582120326,"389","Acc_B_2"
390,"Acc_B_2",1.07331352746518,0.0234029977177239,270.457012394137,1.02723831301316,1.11938874191719,"390","Acc_B_2"
391,"Acc_B_2",1.07521755607253,0.0234389160499171,271.684854991585,1.02907256387724,1.12136254826782,"391","Acc_B_2"
392,"Acc_B_2",1.07712158467989,0.0234752861640595,272.930350370324,1.03090593302328,1.12333723633649,"392","Acc_B_2"
393,"Acc_B_2",1.07902561328724,0.0235121059636106,274.193486293027,1.03273842439689,1.12531280217759,"393","Acc_B_2"
394,"Acc_B_2",1.08092964189459,0.0235493733393009,275.474249481037,1.03457004196965,1.12728924181953,"394","Acc_B_2"
395,"Acc_B_2",1.08283367050195,0.0235870861696322,276.772625586259,1.03640078973827,1.12926655126563,"395","Acc_B_2"
396,"Acc_B_2",1.0847376991093,0.0236252423213748,278.088599163236,1.03823067172359,1.13124472649501,"396","Acc_B_2"
397,"Acc_B_2",1.08664172771666,0.0236638396500622,279.422153641599,1.04005969196977,1.13322376346354,"397","Acc_B_2"
398,"Acc_B_2",1.08854575632401,0.0237028760004811,280.773271298603,1.04188785454332,1.1352036581047,"398","Acc_B_2"
399,"Acc_B_2",1.09044978493137,0.0237423492071585,282.141933232178,1.04371516353224,1.13718440633049,"399","Acc_B_2"
400,"Acc_B_2",1.09235381353872,0.0237822570948446,283.528119334242,1.04554162304511,1.13916600403233,"400","Acc_B_2"
401,"Acc_B_2",1.09425784214608,0.0238225974789917,284.931808264266,1.04736723721024,1.14114844708191,"401","Acc_B_2"
402,"Acc_B_2",1.09616187075343,0.0238633681662289,286.352977423328,1.04919201017473,1.14313173133213,"402","Acc_B_2"
403,"Acc_B_2",1.09806589936079,0.0239045669548325,287.791602928574,1.05101594610367,1.1451158526179,"403","Acc_B_2"
404,"Acc_B_2",1.09996992796814,0.0239461916351912,289.247659587916,1.05283904917923,1.14710080675705,"404","Acc_B_2"
405,"Acc_B_2",1.10187395657549,0.0239882399902677,290.721120875384,1.0546613235998,1.14908658955119,"405","Acc_B_2"
406,"Acc_B_2",1.10377798518285,0.0240307097960549,292.211958906716,1.05648277357915,1.15107319678655,"406","Acc_B_2"
407,"Acc_B_2",1.1056820137902,0.0240735988220267,293.720144415569,1.05830340334561,1.1530606242348,"407","Acc_B_2"
408,"Acc_B_2",1.10758604239756,0.0241169048315848,295.245646730115,1.06012321714118,1.15504886765394,"408","Acc_B_2"
409,"Acc_B_2",1.10949007100491,0.024160625582499,296.788433750225,1.06194221922074,1.15703792278909,"409","Acc_B_2"
410,"Acc_B_2",1.11139409961227,0.0242047588273429,298.348471925043,1.06376041385123,1.1590277853733,"410","Acc_B_2"
411,"Acc_B_2",1.11329812821962,0.0242493023139248,299.925726231294,1.06557780531082,1.16101845112842,"411","Acc_B_2"
412,"Acc_B_2",1.11520215682698,0.0242942537857113,301.520160151887,1.06739439788812,1.16300991576583,"412","Acc_B_2"
413,"Acc_B_2",1.11710618543433,0.0243396109822474,303.13173565536,1.06921019588138,1.16500217498728,"413","Acc_B_2"
414,"Acc_B_2",1.11901021404168,0.0243853716395684,304.760413175758,1.0710252035977,1.16699522448567,"414","Acc_B_2"
415,"Acc_B_2",1.12091424264904,0.024431533490609,306.406151593074,1.07283942535227,1.16898905994581,"415","Acc_B_2"
416,"Acc_B_2",1.12281827125639,0.0244780942656038,308.068908214458,1.07465286546759,1.17098367704519,"416","Acc_B_2"
417,"Acc_B_2",1.12472229986375,0.0245250516924831,309.74863875597,1.07646552827273,1.17297907145477,"417","Acc_B_2"
418,"Acc_B_2",1.1266263284711,0.0245724034972632,311.445297324999,1.07827741810255,1.17497523883965,"418","Acc_B_2"
419,"Acc_B_2",1.12853035707846,0.0246201474044287,313.158836403286,1.08008853929701,1.17697217485991,"419","Acc_B_2"
420,"Acc_B_2",1.13043438568581,0.0246682811373114,314.889206830819,1.08189889620039,1.17896987517123,"420","Acc_B_2"
421,"Acc_B_2",1.13233841429317,0.0247168024184606,316.636357790148,1.08370849316063,1.1809683354257,"421","Acc_B_2"
422,"Acc_B_2",1.13424244290052,0.0247657089700086,318.400236791658,1.08551733452859,1.18296755127246,"422","Acc_B_2"
423,"Acc_B_2",1.13614647150788,0.0248149985140287,320.180789659403,1.08732542465734,1.18496751835841,"423","Acc_B_2"
424,"Acc_B_2",1.13805050011523,0.0248646687728893,321.977960517717,1.08913276790152,1.18696823232894,"424","Acc_B_2"
425,"Acc_B_2",1.13995452872258,0.0249147174695977,323.791691778567,1.09093936861664,1.18896968882853,"425","Acc_B_2"
426,"Acc_B_2",1.14185855732994,0.0249651423281426,325.621924129741,1.09274523115842,1.19097188350146,"426","Acc_B_2"
427,"Acc_B_2",1.14376258593729,0.0250159410738255,327.468596523633,1.09455035988212,1.19297481199246,"427","Acc_B_2"
428,"Acc_B_2",1.14566661454465,0.0250671114335886,329.331646166912,1.09635475914195,1.19497846994735,"428","Acc_B_2"
429,"Acc_B_2",1.147570643152,0.0251186511363359,331.211008511048,1.09815843329036,1.19698285301364,"429","Acc_B_2"
430,"Acc_B_2",1.14947467175936,0.0251705579132462,333.106617243436,1.09996138667752,1.19898795684119,"430","Acc_B_2"
431,"Acc_B_2",1.15137870036671,0.0252228294980832,335.018404279485,1.10176362365062,1.2009937770828,"431","Acc_B_2"
432,"Acc_B_2",1.15328272897407,0.025275463627495,336.946299755472,1.10356514855333,1.2030003093948,"432","Acc_B_2"
433,"Acc_B_2",1.15518675758142,0.0253284580413103,338.890232022194,1.1053659657252,1.20500754943764,"433","Acc_B_2"
434,"Acc_B_2",1.15709078618878,0.0253818104828273,340.850127639491,1.10716607950108,1.20701549287647,"434","Acc_B_2"
435,"Acc_B_2",1.15899481479613,0.0254355186990958,342.825911371438,1.10896549421055,1.20902413538171,"435","Acc_B_2"
436,"Acc_B_2",1.16089884340348,0.025489580441194,344.817506182724,1.11076421417739,1.21103347262958,"436","Acc_B_2"
437,"Acc_B_2",1.16280287201084,0.0255439934644976,346.824833235491,1.11256224371902,1.21304350030265,"437","Acc_B_2"
438,"Acc_B_2",1.16470690061819,0.0255987555289441,348.84781188717,1.11435958714601,1.21505421409038,"438","Acc_B_2"
439,"Acc_B_2",1.16661092922555,0.0256538643992896,350.886359689294,1.11615624876148,1.21706560968962,"439","Acc_B_2"
440,"Acc_B_2",1.1685149578329,0.0257093178453607,352.940392386964,1.11795223286069,1.21907768280512,"440","Acc_B_2"
441,"Acc_B_2",1.17041898644026,0.025765113642299,355.009823919279,1.11974754373046,1.22109042915005,"441","Acc_B_2"
442,"Acc_B_2",1.17232301504761,0.0258212495707998,357.094566420541,1.12154218564877,1.22310384444645,"442","Acc_B_2"
443,"Acc_B_2",1.17422704365497,0.0258777234173455,359.194530222497,1.1233361628842,1.22511792442573,"443","Acc_B_2"
444,"Acc_B_2",1.17613107226232,0.0259345329744315,361.309623857224,1.12512947969554,1.2271326648291,"444","Acc_B_2"
445,"Acc_B_2",1.17803510086968,0.0259916760407882,363.439754060979,1.12692214033128,1.22914806140807,"445","Acc_B_2"
446,"Acc_B_2",1.17993912947703,0.026049150421594,365.584825778921,1.12871414902922,1.23116410992483,"446","Acc_B_2"
447,"Acc_B_2",1.18184315808438,0.0261069539286861,367.744742170668,1.13050551001602,1.23318080615275,"447","Acc_B_2"
448,"Acc_B_2",1.18374718669174,0.0261650843807617,369.919404616711,1.13229622750676,1.23519814587672,"448","Acc_B_2"
449,"Acc_B_2",1.18565121529909,0.0262235396035772,372.108712725632,1.13408630570457,1.23721612489362,"449","Acc_B_2"
450,"Acc_B_2",1.18755524390645,0.026282317430138,374.312564342295,1.13587574880021,1.23923473901269,"450","Acc_B_2"
451,"Acc_B_2",1.1894592725138,0.0263414157008852,376.53085555676,1.13766456097169,1.24125398405592,"451","Acc_B_2"
452,"Acc_B_2",1.19136330112116,0.0264008322638756,378.763480714066,1.1394527463839,1.24327385585842,"452","Acc_B_2"
453,"Acc_B_2",1.19326732972851,0.0264605649749564,381.01033242495,1.14124030918822,1.2452943502688,"453","Acc_B_2"
454,"Acc_B_2",1.19517135833587,0.026520611697935,383.271301577229,1.14302725352222,1.24731546314951,"454","Acc_B_2"
455,"Acc_B_2",1.19707538694322,0.0265809703047416,385.546277348152,1.14481358350924,1.2493371903772,"455","Acc_B_2"
456,"Acc_B_2",1.19897941555057,0.0266416386755885,387.835147217566,1.14659930325811,1.25135952784304,"456","Acc_B_2"
457,"Acc_B_2",1.20088344415793,0.026702614699123,390.137796981629,1.14838441686281,1.25338247145305,"457","Acc_B_2"
458,"Acc_B_2",1.20278747276528,0.0267638962725753,392.454110767861,1.15016892840216,1.25540601712841,"458","Acc_B_2"
459,"Acc_B_2",1.20469150137264,0.0268254813019018,394.783971050407,1.1519528419395,1.25743016080577,"459","Acc_B_2"
460,"Acc_B_2",1.20659552997999,0.0268873677019216,397.127258666459,1.15373616152242,1.25945489843757,"460","Acc_B_2"
461,"Acc_B_2",1.20849955858735,0.0269495533964507,399.483852833335,1.15551889118244,1.26148022599226,"461","Acc_B_2"
462,"Acc_B_2",1.2104035871947,0.0270120363184285,401.853631166332,1.15730103493476,1.26350613945464,"462","Acc_B_2"
463,"Acc_B_2",1.21230761580206,0.0270748144100419,404.236469697313,1.15908259677801,1.2655326348261,"463","Acc_B_2"
464,"Acc_B_2",1.21421164440941,0.0271378856228424,406.632242894033,1.16086358069395,1.26755970812488,"464","Acc_B_2"
465,"Acc_B_2",1.21611567301677,0.02720124791786,409.040823680372,1.16264399064723,1.2695873553863,"465","Acc_B_2"
466,"Acc_B_2",1.21801970162412,0.0272648992657124,411.462083456919,1.16442383058519,1.27161557266305,"466","Acc_B_2"
467,"Acc_B_2",1.21992373023147,0.0273288376467084,413.89589212261,1.1662031044376,1.27364435602535,"467","Acc_B_2"
468,"Acc_B_2",1.22182775883883,0.0273930610509489,416.342118097013,1.16798181611642,1.27567370156124,"468","Acc_B_2"
469,"Acc_B_2",1.22373178744618,0.0274575674784208,418.800628342993,1.16975996951562,1.27770360537674,"469","Acc_B_2"
470,"Acc_B_2",1.22563581605354,0.027522354939089,421.2712883905,1.17153756851099,1.27973406359609,"470","Acc_B_2"
471,"Acc_B_2",1.22753984466089,0.027587421452983,423.75396236056,1.17331461695987,1.28176507236191,"471","Acc_B_2"
472,"Acc_B_2",1.22944387326825,0.0276527650502796,426.24851299032,1.17509111870106,1.28379662783543,"472","Acc_B_2"
473,"Acc_B_2",1.2313479018756,0.0277183837713814,428.754801658302,1.17686707755456,1.28582872619665,"473","Acc_B_2"
474,"Acc_B_2",1.23325193048296,0.027784275666991,431.272688410703,1.17864249732144,1.28786136364448,"474","Acc_B_2"
475,"Acc_B_2",1.23515595909031,0.0278504387981817,433.802031987799,1.18041738178366,1.28989453639696,"475","Acc_B_2"
476,"Acc_B_2",1.23705998769767,0.0279168712364643,436.342689851372,1.18219173470394,1.29192824069139,"476","Acc_B_2"
477,"Acc_B_2",1.23896401630502,0.0279835710638499,438.894518212421,1.18396555982557,1.29396247278447,"477","Acc_B_2"
478,"Acc_B_2",1.24086804491237,0.0280505363729094,441.457372059475,1.18573886087231,1.29599722895244,"478","Acc_B_2"
479,"Acc_B_2",1.24277207351973,0.0281177652668278,444.031105187453,1.18751164154821,1.29803250549124,"479","Acc_B_2"
480,"Acc_B_2",1.24467610212708,0.0281852558594577,446.61557022702,1.18928390553756,1.30006829871661,"480","Acc_B_2"
481,"Acc_B_2",1.24658013073444,0.0282530062753666,449.210618674415,1.19105565650466,1.30210460496421,"481","Acc_B_2"
482,"Acc_B_2",1.24848415934179,0.0283210146498829,451.816100921767,1.19282689809382,1.30414142058976,"482","Acc_B_2"
483,"Acc_B_2",1.25038818794915,0.0283892791291361,454.431866287786,1.19459763392918,1.30617874196911,"483","Acc_B_2"
484,"Acc_B_2",1.2522922165565,0.0284577978700965,457.057763049001,1.19636786761465,1.30821656549836,"484","Acc_B_2"
485,"Acc_B_2",1.25419624516386,0.02852656904061,459.693638471416,1.19813760273377,1.31025488759394,"485","Acc_B_2"
486,"Acc_B_2",1.25610027377121,0.0285955908194298,462.339338842303,1.1999068428497,1.31229370469272,"486","Acc_B_2"
487,"Acc_B_2",1.25800430237857,0.0286648613962457,464.994709502742,1.20167559150507,1.31433301325206,"487","Acc_B_2"
488,"Acc_B_2",1.25990833098592,0.02873437897171,467.659594880247,1.20344385222192,1.31637280974992,"488","Acc_B_2"
489,"Acc_B_2",1.26181235959327,0.0288041417574605,470.333838521799,1.20521162850169,1.31841309068486,"489","Acc_B_2"
490,"Acc_B_2",1.26371638820063,0.0288741479761402,473.017283127223,1.20697892382506,1.32045385257619,"490","Acc_B_2"
491,"Acc_B_2",1.26562041680798,0.0289443958614163,475.709770582851,1.20874574165199,1.32249509196397,"491","Acc_B_2"
492,"Acc_B_2",1.26752444541534,0.0290148836579925,478.411141995433,1.21051208542161,1.32453680540907,"492","Acc_B_2"
493,"Acc_B_2",1.26942847402269,0.0290856096216233,481.121237726239,1.21227795855217,1.32657898949321,"493","Acc_B_2"
494,"Acc_B_2",1.27133250263005,0.0291565720191219,483.839897425662,1.21404336444106,1.32862164081903,"494","Acc_B_2"
495,"Acc_B_2",1.2732365312374,0.0292277691283677,486.566960067625,1.21580830646471,1.33066475601009,"495","Acc_B_2"
496,"Acc_B_2",1.27514055984476,0.0292991992383109,489.302263984488,1.2175727879786,1.33270833171091,"496","Acc_B_2"
497,"Acc_B_2",1.27704458845211,0.0293708606489743,492.045646902118,1.21933681231722,1.33475236458701,"497","Acc_B_2"
498,"Acc_B_2",1.27894861705947,0.0294427516714529,494.796945974905,1.22110038279404,1.33679685132489,"498","Acc_B_2"
499,"Acc_B_2",1.28085264566682,0.0295148706279119,497.555997821094,1.22286350270155,1.33884178863209,"499","Acc_B_2"
500,"Acc_B_2",1.28275667427417,0.0295872158515811,500.322638558243,1.22462617531116,1.34088717323718,"500","Acc_B_2"
0,"Acc_B_3",0.158126492755454,0.0820510449306941,437.313899630355,-0.00313691120036677,0.319389896711275,"0","Acc_B_3"
1,"Acc_B_3",0.16074750495671,0.081809445258673,437.127932487499,-4.12480093467948e-05,0.321536257922766,"1","Acc_B_3"
2,"Acc_B_3",0.163368517157965,0.081568046080603,436.940382112915,0.00305402047548692,0.323683013840443,"2","Acc_B_3"
3,"Acc_B_3",0.165989529359221,0.0813268491818385,436.751233815236,0.00614889074022751,0.325830167978214,"3","Acc_B_3"
4,"Acc_B_3",0.168610541560476,0.0810858563674712,436.56047277893,0.00924335923213629,0.327977723888816,"4","Acc_B_3"
5,"Acc_B_3",0.171231553761732,0.0808450694625799,436.36808406398,0.0123374223591533,0.33012568516431,"5","Acc_B_3"
6,"Acc_B_3",0.173852565962987,0.0806044903124828,436.174052605698,0.0154310764894012,0.332274055436573,"6","Acc_B_3"
7,"Acc_B_3",0.176473578164243,0.0803641207829927,435.978363214505,0.0185243179506823,0.334422838377803,"7","Acc_B_3"
8,"Acc_B_3",0.179094590365498,0.0801239627606765,435.781000575733,0.0216171430299694,0.336572037701027,"8","Acc_B_3"
9,"Acc_B_3",0.181715602566754,0.0798840181531179,435.581949249537,0.0247095479728899,0.338721657160617,"9","Acc_B_3"
10,"Acc_B_3",0.184336614768009,0.0796442888891828,435.3811936708,0.0278015289832026,0.340871700552816,"10","Acc_B_3"
11,"Acc_B_3",0.186957626969265,0.0794047769192893,435.178718149022,0.0308930822222681,0.343022171716261,"11","Acc_B_3"
12,"Acc_B_3",0.18957863917052,0.0791654842156803,434.974506868349,0.0339842038085123,0.345173074532528,"12","Acc_B_3"
13,"Acc_B_3",0.192199651371776,0.0789264127727005,434.768543887652,0.0370748898168823,0.347324412926669,"13","Acc_B_3"
14,"Acc_B_3",0.194820663573031,0.0786875646070764,434.560813140492,0.0401651362782963,0.349476190867766,"14","Acc_B_3"
15,"Acc_B_3",0.197441675774287,0.0784489417582002,434.35129843534,0.0432549391790844,0.351628412369489,"15","Acc_B_3"
16,"Acc_B_3",0.200062687975542,0.0782105462884175,434.139983455725,0.0463442944604243,0.35378108149066,"16","Acc_B_3"
17,"Acc_B_3",0.202683700176797,0.0779723802833186,433.926851760404,0.0494331980177684,0.355934202335827,"17","Acc_B_3"
18,"Acc_B_3",0.205304712378053,0.0777344458520337,433.711886783701,0.0525216457002633,0.358087779055843,"18","Acc_B_3"
19,"Acc_B_3",0.207925724579308,0.0774967451275317,433.495071835841,0.0556096333101627,0.360241815848454,"19","Acc_B_3"
20,"Acc_B_3",0.210546736780564,0.0772592802669233,433.276390103274,0.0586971566022318,0.362396316958896,"20","Acc_B_3"
21,"Acc_B_3",0.213167748981819,0.0770220534517676,433.055824649166,0.0617842112831445,0.364551286680494,"21","Acc_B_3"
22,"Acc_B_3",0.215788761183075,0.0767850668883828,432.833358413938,0.0648707930108731,0.366706729355277,"22","Acc_B_3"
23,"Acc_B_3",0.21840977338433,0.0765483228081612,432.608974215736,0.0679568973940689,0.368862649374592,"23","Acc_B_3"
24,"Acc_B_3",0.221030785585586,0.0763118234678876,432.382654751182,0.0710425199914371,0.371019051179735,"24","Acc_B_3"
25,"Acc_B_3",0.223651797786841,0.0760755711500621,432.154382595994,0.074127656311101,0.373175939262582,"25","Acc_B_3"
26,"Acc_B_3",0.226272809988097,0.0758395681632275,431.924140205831,0.0772123018099605,0.375333318166233,"26","Acc_B_3"
27,"Acc_B_3",0.228893822189352,0.0756038168423,431.691909917067,0.080296451893041,0.377491192485664,"27","Acc_B_3"
28,"Acc_B_3",0.231514834390608,0.0753683195489046,431.457673947794,0.0833801019128346,0.379649566868381,"28","Acc_B_3"
29,"Acc_B_3",0.234135846591863,0.0751330786717149,431.221414398772,0.0864632471686329,0.381808446015094,"29","Acc_B_3"
30,"Acc_B_3",0.236756858793119,0.0748980966267966,430.983113254504,0.0895458829058512,0.383967834680387,"30","Acc_B_3"
31,"Acc_B_3",0.239377870994374,0.0746633758579557,430.742752384474,0.092628004315345,0.386127737673404,"31","Acc_B_3"
32,"Acc_B_3",0.24199888319563,0.0744289188370911,430.500313544353,0.0957096065327167,0.388288159858543,"32","Acc_B_3"
33,"Acc_B_3",0.244619895396885,0.0741947280645518,430.255778377328,0.0987906846376146,0.390449106156156,"33","Acc_B_3"
34,"Acc_B_3",0.247240907598141,0.0739608060694975,430.009128415598,0.101871233653023,0.392610581543258,"34","Acc_B_3"
35,"Acc_B_3",0.249861919799396,0.0737271554102652,429.760345081884,0.104951248544545,0.394772591054248,"35","Acc_B_3"
36,"Acc_B_3",0.252482932000652,0.073493778674739,429.509409691051,0.108030724219671,0.396935139781633,"36","Acc_B_3"
37,"Acc_B_3",0.255103944201907,0.0732606784807252,429.256303451838,0.111109655527046,0.399098232876768,"37","Acc_B_3"
38,"Acc_B_3",0.257724956403163,0.0730278574763317,429.001007468795,0.114188037255724,0.401261875550601,"38","Acc_B_3"
39,"Acc_B_3",0.260345968604418,0.0727953183403519,428.743502744102,0.117265864134412,0.403426073074425,"39","Acc_B_3"
40,"Acc_B_3",0.262966980805674,0.0725630637826538,428.48377017972,0.120343130830704,0.405590830780643,"40","Acc_B_3"
41,"Acc_B_3",0.265587993006929,0.072331096544573,428.221790579586,0.123419831950317,0.407756154063541,"41","Acc_B_3"
42,"Acc_B_3",0.268209005208185,0.0720994193993109,427.95754465189,0.126495962036298,0.409922048380071,"42","Acc_B_3"
43,"Acc_B_3",0.27083001740944,0.0718680351523379,427.691013011507,0.129571515568242,0.412088519250639,"43","Acc_B_3"
44,"Acc_B_3",0.273451029610696,0.0716369466418005,427.422176182598,0.132646486961483,0.414255572259908,"44","Acc_B_3"
45,"Acc_B_3",0.276072041811951,0.071406156738934,427.151014601204,0.135720870566293,0.416423213057609,"45","Acc_B_3"
46,"Acc_B_3",0.278693054013207,0.0711756683484798,426.877508618202,0.138794660667055,0.418591447359358,"46","Acc_B_3"
47,"Acc_B_3",0.281314066214462,0.0709454844091075,426.601638502197,0.141867851481438,0.420760280947487,"47","Acc_B_3"
48,"Acc_B_3",0.283935078415718,0.0707156078938419,426.323384442701,0.144940437159556,0.422929719671879,"48","Acc_B_3"
49,"Acc_B_3",0.286556090616973,0.0704860418104947,426.042726553284,0.148012411783123,0.425099769450823,"49","Acc_B_3"
50,"Acc_B_3",0.289177102818229,0.0702567892021018,425.759644875138,0.151083769364593,0.427270436271864,"50","Acc_B_3"
51,"Acc_B_3",0.291798115019484,0.0700278531473648,425.47411938054,0.154154503846292,0.429441726192677,"51","Acc_B_3"
52,"Acc_B_3",0.29441912722074,0.0697992367610975,425.186129976688,0.157224609099541,0.431613645341939,"52","Acc_B_3"
53,"Acc_B_3",0.297040139421995,0.0695709431946782,424.89565650956,0.160294078923772,0.433786199920218,"53","Acc_B_3"
54,"Acc_B_3",0.299661151623251,0.0693429756365062,424.60267876801,0.163362907045627,0.435959396200874,"54","Acc_B_3"
55,"Acc_B_3",0.302282163824506,0.0691153373124633,424.307176488008,0.166431087118056,0.438133240530957,"55","Acc_B_3"
56,"Acc_B_3",0.304903176025762,0.068888031486381,424.009129357127,0.169498612719394,0.440307739332129,"56","Acc_B_3"
57,"Acc_B_3",0.307524188227017,0.068661061460512,423.708517019191,0.172565477352443,0.442482899101591,"57","Acc_B_3"
58,"Acc_B_3",0.310145200428273,0.0684344305760071,423.405319079061,0.175631674443529,0.444658726413016,"58","Acc_B_3"
59,"Acc_B_3",0.312766212629528,0.0682081422133971,423.099515107675,0.178697197341562,0.446835227917495,"59","Acc_B_3"
60,"Acc_B_3",0.315387224830784,0.0679821997930799,422.791084647302,0.181762039317074,0.449012410344493,"60","Acc_B_3"
61,"Acc_B_3",0.318008237032039,0.0677566067758119,422.480007216942,0.184826193561259,0.451190280502819,"61","Acc_B_3"
62,"Acc_B_3",0.320629249233295,0.0675313666632056,422.166262318096,0.187889653184995,0.453368845281594,"62","Acc_B_3"
63,"Acc_B_3",0.32325026143455,0.0673064829982311,421.849829440526,0.19095241121786,0.45554811165124,"63","Acc_B_3"
64,"Acc_B_3",0.325871273635806,0.0670819593657235,421.530688068395,0.194014460607135,0.457728086664477,"64","Acc_B_3"
65,"Acc_B_3",0.328492285837061,0.0668577993928945,421.208817686686,0.197075794216801,0.459908777457321,"65","Acc_B_3"
66,"Acc_B_3",0.331113298038317,0.0666340067498497,420.884197787717,0.200136404826525,0.462090191250108,"66","Acc_B_3"
67,"Acc_B_3",0.333734310239572,0.0664105851501104,420.556807877987,0.203196285130636,0.464272335348509,"67","Acc_B_3"
68,"Acc_B_3",0.336355322440828,0.0661875383511401,420.226627485253,0.206255427737088,0.466455217144567,"68","Acc_B_3"
69,"Acc_B_3",0.338976334642083,0.065964870154877,419.893636165926,0.209313825166422,0.468638844117744,"69","Acc_B_3"
70,"Acc_B_3",0.341597346843339,0.0657425844082696,419.557813512615,0.21237146985071,0.470823223835967,"70","Acc_B_3"
71,"Acc_B_3",0.344218359044594,0.0655206850038191,419.219139162053,0.215428354132494,0.473008363956694,"71","Acc_B_3"
72,"Acc_B_3",0.34683937124585,0.0652991758801246,418.8775928032,0.218484470263713,0.475194272227986,"72","Acc_B_3"
73,"Acc_B_3",0.349460383447105,0.0650780610224349,418.53315418578,0.221539810404627,0.477380956489583,"73","Acc_B_3"
74,"Acc_B_3",0.35208139564836,0.0648573444632034,418.185803128927,0.224594366622722,0.479568424673999,"74","Acc_B_3"
75,"Acc_B_3",0.354702407849616,0.0646370302826486,417.835519530262,0.227648130891615,0.481756684807617,"75","Acc_B_3"
76,"Acc_B_3",0.357323420050871,0.0644171226093186,417.482283375256,0.230701095089944,0.483945745011799,"76","Acc_B_3"
77,"Acc_B_3",0.359944432252127,0.0641976256206605,417.126074746847,0.233753251000256,0.486135613503998,"77","Acc_B_3"
78,"Acc_B_3",0.362565444453382,0.0639785435435938,416.766873835399,0.236804590307877,0.488326298598888,"78","Acc_B_3"
79,"Acc_B_3",0.365186456654638,0.0637598806550884,416.404660949077,0.239855104599784,0.490517808709492,"79","Acc_B_3"
80,"Acc_B_3",0.367807468855893,0.0635416412827466,416.039416524403,0.24290478536346,0.492710152348327,"80","Acc_B_3"
81,"Acc_B_3",0.370428481057149,0.0633238298053894,415.671121137268,0.245953623985748,0.49490333812855,"81","Acc_B_3"
82,"Acc_B_3",0.373049493258404,0.0631064506536468,415.299755514263,0.249001611751692,0.497097374765117,"82","Acc_B_3"
83,"Acc_B_3",0.37567050545966,0.0628895083105515,414.925300544349,0.252048739843374,0.499292271075946,"83","Acc_B_3"
84,"Acc_B_3",0.378291517660915,0.0626730073121375,414.547737290893,0.255094999338739,0.501488035983092,"84","Acc_B_3"
85,"Acc_B_3",0.380912529862171,0.0624569522480413,414.16704700407,0.258140381210422,0.50368467851392,"85","Acc_B_3"
86,"Acc_B_3",0.383533542063426,0.0622413477621068,413.783211133684,0.261184876324556,0.505882207802297,"86","Acc_B_3"
87,"Acc_B_3",0.386154554264682,0.0620261985529943,413.396211342323,0.264228475439585,0.508080633089779,"87","Acc_B_3"
88,"Acc_B_3",0.388775566465937,0.0618115093747918,413.006029518897,0.267271169205062,0.510279963726813,"88","Acc_B_3"
89,"Acc_B_3",0.391396578667193,0.0615972850376298,412.61264779265,0.270312948160447,0.512480209173938,"89","Acc_B_3"
90,"Acc_B_3",0.394017590868448,0.0613835304082993,412.216048547538,0.273353802733896,0.514681379003,"90","Acc_B_3"
91,"Acc_B_3",0.396638603069704,0.0611702504108717,411.816214436898,0.276393723241048,0.51688348289836,"91","Acc_B_3"
92,"Acc_B_3",0.399259615270959,0.0609574500273217,411.413128398802,0.279432699883801,0.519086530658117,"92","Acc_B_3"
93,"Acc_B_3",0.401880627472215,0.0607451342981531,411.006773671556,0.282470722749094,0.521290532195336,"93","Acc_B_3"
94,"Acc_B_3",0.40450163967347,0.0605333083230252,410.597133809847,0.285507781807673,0.523495497539267,"94","Acc_B_3"
95,"Acc_B_3",0.407122651874726,0.0603219772613825,410.184192701195,0.288543866912865,0.525701436836586,"95","Acc_B_3"
96,"Acc_B_3",0.409743664075981,0.0601111463330855,409.76793458292,0.291578967799338,0.527908360352624,"96","Acc_B_3"
97,"Acc_B_3",0.412364676277237,0.0599008208190424,409.348344059538,0.294613074081868,0.530116278472605,"97","Acc_B_3"
98,"Acc_B_3",0.414985688478492,0.059691006061843,408.925406120584,0.297646175254098,0.532325201702886,"98","Acc_B_3"
99,"Acc_B_3",0.417606700679748,0.0594817074663924,408.499106158997,0.300678260687297,0.534535140672199,"99","Acc_B_3"
100,"Acc_B_3",0.420227712881003,0.0592729305005458,408.069429989877,0.303709319629119,0.536746106132887,"100","Acc_B_3"
101,"Acc_B_3",0.422848725082259,0.0590646806957434,407.636363869724,0.306739341202362,0.538958108962155,"101","Acc_B_3"
102,"Acc_B_3",0.425469737283514,0.0588569636476455,407.199894516261,0.309768314403725,0.541171160163303,"102","Acc_B_3"
103,"Acc_B_3",0.42809074948477,0.0586497850167667,406.760009128594,0.312796228102568,0.543385270866971,"103","Acc_B_3"
104,"Acc_B_3",0.430711761686025,0.0584431505291097,406.316695408002,0.315823071039674,0.545600452332377,"104","Acc_B_3"
105,"Acc_B_3",0.433332773887281,0.0582370659767983,405.869941579119,0.318848831826009,0.547816715948552,"105","Acc_B_3"
106,"Acc_B_3",0.435953786088536,0.0580315372187079,405.419736411689,0.321873498941494,0.550034073235579,"106","Acc_B_3"
107,"Acc_B_3",0.438574798289792,0.0578265701810954,404.966069242754,0.324897060733771,0.552252535845813,"107","Acc_B_3"
108,"Acc_B_3",0.441195810491047,0.0576221708582257,404.508929999412,0.32791950541698,0.554472115565114,"108","Acc_B_3"
109,"Acc_B_3",0.443816822692303,0.0574183453129966,404.048309222068,0.33094082107054,0.556692824314065,"109","Acc_B_3"
110,"Acc_B_3",0.446437834893558,0.0572150996775591,403.584198088161,0.333960995637935,0.558914674149181,"110","Acc_B_3"
111,"Acc_B_3",0.449058847094814,0.0570124401539355,403.116588436475,0.336980016925511,0.561137677264116,"111","Acc_B_3"
112,"Acc_B_3",0.451679859296069,0.0568103730146324,402.645472791849,0.339997872601275,0.563361845990863,"112","Acc_B_3"
113,"Acc_B_3",0.454300871497325,0.0566089046032496,402.170844390566,0.343014550193713,0.565587192800937,"113","Acc_B_3"
114,"Acc_B_3",0.45692188369858,0.0564080413350836,401.692697206129,0.346030037090606,0.567813730306555,"114","Acc_B_3"
115,"Acc_B_3",0.459542895899836,0.0562077896977255,401.211025975555,0.349044320537869,0.570041471261802,"115","Acc_B_3"
116,"Acc_B_3",0.462163908101091,0.0560081562516524,400.725826226304,0.352057387638397,0.572270428563785,"116","Acc_B_3"
117,"Acc_B_3",0.464784920302347,0.0558091476308126,400.237094303569,0.355069225350924,0.574500615253769,"117","Acc_B_3"
118,"Acc_B_3",0.467405932503602,0.0556107705432024,399.74482739816,0.3580798204889,0.576732044518304,"118","Acc_B_3"
119,"Acc_B_3",0.470026944704858,0.0554130317714355,399.249023574952,0.361089159719379,0.578964729690336,"119","Acc_B_3"
120,"Acc_B_3",0.472647956906113,0.0552159381733036,398.749681801684,0.364097229561934,0.581198684250292,"120","Acc_B_3"
121,"Acc_B_3",0.475268969107369,0.055019496682327,398.246801978364,0.36710401638758,0.583433921827157,"121","Acc_B_3"
122,"Acc_B_3",0.477889981308624,0.0548237143082958,397.740384967172,0.370109506417723,0.585670456199525,"122","Acc_B_3"
123,"Acc_B_3",0.48051099350988,0.0546285981378,397.230432622795,0.373113685723133,0.587908301296626,"123","Acc_B_3"
124,"Acc_B_3",0.483132005711135,0.0544341553347472,396.716947823306,0.376116540222931,0.590147471199339,"124","Acc_B_3"
125,"Acc_B_3",0.485753017912391,0.0542403931408694,396.199934501399,0.379118055683612,0.592387980141169,"125","Acc_B_3"
126,"Acc_B_3",0.488374030113646,0.0540473188762154,395.679397676256,0.382118217718087,0.594629842509205,"126","Acc_B_3"
127,"Acc_B_3",0.490995042314902,0.0538549399396294,395.15534348571,0.385117011784753,0.596873072845051,"127","Acc_B_3"
128,"Acc_B_3",0.493616054516157,0.0536632638092151,394.627779218892,0.388114423186595,0.599117685845719,"128","Acc_B_3"
129,"Acc_B_3",0.496237066717412,0.0534722980427837,394.096713349362,0.391110437070321,0.601363696364504,"129","Acc_B_3"
130,"Acc_B_3",0.498858078918668,0.0532820502782852,393.562155568584,0.394105038425524,0.603611119411812,"130","Acc_B_3"
131,"Acc_B_3",0.501479091119924,0.0530925282342221,393.024116819793,0.397098212083887,0.60585997015596,"131","Acc_B_3"
132,"Acc_B_3",0.504100103321179,0.0529037397100449,392.482609332273,0.400089942718416,0.608110263923942,"132","Acc_B_3"
133,"Acc_B_3",0.506721115522434,0.0527156925865272,391.937646656004,0.403080214842717,0.610362016202151,"133","Acc_B_3"
134,"Acc_B_3",0.50934212772369,0.0525283948261208,391.389243696574,0.406069012810318,0.612615242637061,"134","Acc_B_3"
135,"Acc_B_3",0.511963139924945,0.0523418544732892,390.837416750498,0.409056320814023,0.614869959035867,"135","Acc_B_3"
136,"Acc_B_3",0.514584152126201,0.0521560796548176,390.282183540782,0.412042122885321,0.61712618136708,"136","Acc_B_3"
137,"Acc_B_3",0.517205164327456,0.0519710785800999,389.723563252748,0.415026402893837,0.619383925761076,"137","Acc_B_3"
138,"Acc_B_3",0.519826176528712,0.0517868595414,389.161576570127,0.418009144546834,0.62164320851059,"138","Acc_B_3"
139,"Acc_B_3",0.522447188729967,0.0516034309140877,388.596245711405,0.420990331388766,0.623904046071169,"139","Acc_B_3"
140,"Acc_B_3",0.525068200931223,0.051420801156846,388.027594466233,0.423969946800888,0.626166455061557,"140","Acc_B_3"
141,"Acc_B_3",0.527689213132478,0.051238978811851,387.455648232135,0.42694797400092,0.628430452264037,"141","Acc_B_3"
142,"Acc_B_3",0.530310225333734,0.0510579725049212,386.880434051245,0.429924396042768,0.6306960546247,"142","Acc_B_3"
143,"Acc_B_3",0.532931237534989,0.0508777909456356,386.301980647155,0.43289919581631,0.632963279253668,"143","Acc_B_3"
144,"Acc_B_3",0.535552249736245,0.0506984429274199,385.720318461857,0.435872356047249,0.63523214342524,"144","Acc_B_3"
145,"Acc_B_3",0.5381732619375,0.0505199373275983,385.135479692585,0.438843859297024,0.637502664577977,"145","Acc_B_3"
146,"Acc_B_3",0.540794274138756,0.0503422831074099,384.547498328785,0.441813687962797,0.639774860314714,"146","Acc_B_3"
147,"Acc_B_3",0.543415286340011,0.0501654893119892,383.956410188883,0.444781824277515,0.642048748402508,"147","Acc_B_3"
148,"Acc_B_3",0.546036298541267,0.0499895650703078,383.362252956972,0.447748250310035,0.644324346772499,"148","Acc_B_3"
149,"Acc_B_3",0.548657310742522,0.0498145195950772,382.765066219391,0.450712947965343,0.646601673519702,"149","Acc_B_3"
150,"Acc_B_3",0.551278322943778,0.0496403621826096,382.164891501041,0.453675898984842,0.648880746902714,"150","Acc_B_3"
151,"Acc_B_3",0.553899335145033,0.0494671022126376,381.561772301405,0.456637084946726,0.65116158534334,"151","Acc_B_3"
152,"Acc_B_3",0.556520347346289,0.0492947491480884,380.955754130381,0.459596487266449,0.653444207426128,"152","Acc_B_3"
153,"Acc_B_3",0.559141359547544,0.0491233125348131,380.346884543591,0.462554087197269,0.655728631897819,"153","Acc_B_3"
154,"Acc_B_3",0.5617623717488,0.048952802001269,379.735213177384,0.465509865830901,0.658014877666699,"154","Acc_B_3"
155,"Acc_B_3",0.564383383950055,0.048783227258152,379.120791783271,0.468463804098252,0.660302963801858,"155","Acc_B_3"
156,"Acc_B_3",0.567004396151311,0.0486145980979798,378.503674261902,0.47141588277027,0.662592909532352,"156","Acc_B_3"
157,"Acc_B_3",0.569625408352566,0.0484469243946224,377.883916696359,0.47436608245888,0.664884734246252,"157","Acc_B_3"
158,"Acc_B_3",0.572246420553822,0.0482802161027781,377.261577384815,0.477314383618039,0.667178457489605,"158","Acc_B_3"
159,"Acc_B_3",0.574867432755077,0.0481144832573956,376.636716872409,0.48026076654489,0.669474098965264,"159","Acc_B_3"
160,"Acc_B_3",0.577488444956333,0.0479497359730373,376.009397982421,0.483205211381039,0.671771678531626,"160","Acc_B_3"
161,"Acc_B_3",0.580109457157588,0.047785984443185,375.37968584642,0.486147698113937,0.674071216201239,"161","Acc_B_3"
162,"Acc_B_3",0.582730469358844,0.0476232389394841,374.747647933568,0.489088206578388,0.676372732139299,"162","Acc_B_3"
163,"Acc_B_3",0.585351481560099,0.047461509810926,374.113354078863,0.492026716458179,0.67867624666202,"163","Acc_B_3"
164,"Acc_B_3",0.587972493761355,0.0473008074829658,373.476876510278,0.49496320728783,0.68098178023488,"164","Acc_B_3"
165,"Acc_B_3",0.59059350596261,0.0471411424565751,372.838289874716,0.497897658454484,0.683289353470736,"165","Acc_B_3"
166,"Acc_B_3",0.593214518163866,0.0469825253072264,372.197671262728,0.500830049199921,0.68559898712781,"166","Acc_B_3"
167,"Acc_B_3",0.595835530365121,0.0468249666838085,371.555100231855,0.50376035862271,0.687910702107533,"167","Acc_B_3"
168,"Acc_B_3",0.598456542566377,0.046668477307471,370.910658828589,0.506688565680501,0.690224519452252,"168","Acc_B_3"
169,"Acc_B_3",0.601077554767632,0.0465130679703955,370.264431608763,0.509614649192463,0.692540460342801,"169","Acc_B_3"
170,"Acc_B_3",0.603698566968888,0.0463587495344932,369.616505656447,0.512538587841863,0.694858546095912,"170","Acc_B_3"
171,"Acc_B_3",0.606319579170143,0.0462055329300255,368.966970601065,0.515460360178796,0.69717879816149,"171","Acc_B_3"
172,"Acc_B_3",0.608940591371399,0.0460534291541466,368.315918632821,0.518379944623073,0.699501238119724,"172","Acc_B_3"
173,"Acc_B_3",0.611561603572654,0.0459024492693678,367.663444516227,0.521297319467256,0.701825887678052,"173","Acc_B_3"
174,"Acc_B_3",0.61418261577391,0.0457526044019388,367.009645601709,0.524212462879857,0.704152768667962,"174","Acc_B_3"
175,"Acc_B_3",0.616803627975165,0.0456039057401478,366.354621835192,0.527125352908704,0.706481903041626,"175","Acc_B_3"
176,"Acc_B_3",0.619424640176421,0.0454563645325361,365.698475765562,0.530035967484462,0.708813312868379,"176","Acc_B_3"
177,"Acc_B_3",0.622045652377676,0.0453099920860274,365.041312549918,0.532944284424331,0.711147020331021,"177","Acc_B_3"
178,"Acc_B_3",0.624666664578931,0.0451647997639697,364.383239956523,0.535850281435912,0.713483047721951,"178","Acc_B_3"
179,"Acc_B_3",0.627287676780187,0.0450207989840877,363.724368365355,0.538753936121244,0.71582141743913,"179","Acc_B_3"
180,"Acc_B_3",0.629908688981442,0.0448780012163458,363.064810766251,0.541655225981025,0.71816215198186,"180","Acc_B_3"
181,"Acc_B_3",0.632529701182698,0.0447364179807188,362.404682754407,0.544554128419006,0.720505273946391,"181","Acc_B_3"
182,"Acc_B_3",0.635150713383954,0.0445960608448703,361.744102523307,0.547450620746567,0.72285080602134,"182","Acc_B_3"
183,"Acc_B_3",0.637771725585209,0.0444569414217365,361.083190854858,0.550344680187482,0.725198770982936,"183","Acc_B_3"
184,"Acc_B_3",0.640392737786464,0.0443190713670153,360.422071106748,0.553236283882865,0.727549191690063,"184","Acc_B_3"
185,"Acc_B_3",0.64301374998772,0.0441824623765587,359.760869196911,0.556125408896307,0.729902091079133,"185","Acc_B_3"
186,"Acc_B_3",0.645634762188975,0.0440471261836684,359.099713584998,0.5590120322192,0.732257492158751,"186","Acc_B_3"
187,"Acc_B_3",0.648255774390231,0.0439130745562927,358.438735250815,0.561896130776256,0.734615418004206,"187","Acc_B_3"
188,"Acc_B_3",0.650876786591487,0.0437803192941256,357.778067669571,0.56477768143122,0.736975891751753,"188","Acc_B_3"
189,"Acc_B_3",0.653497798792742,0.0436488722256051,357.117846784033,0.567656660992771,0.739338936592713,"189","Acc_B_3"
190,"Acc_B_3",0.656118810993997,0.0435187452048121,356.458210973369,0.570533046220626,0.741704575767369,"190","Acc_B_3"
191,"Acc_B_3",0.658739823195253,0.0433899501082689,355.799301018581,0.573406813831835,0.744072832558671,"191","Acc_B_3"
192,"Acc_B_3",0.661360835396508,0.0432624988316361,355.141260064685,0.576277940507275,0.746443730285742,"192","Acc_B_3"
193,"Acc_B_3",0.663981847597764,0.0431364032863092,354.484233579308,0.579146402898341,0.748817292297187,"193","Acc_B_3"
194,"Acc_B_3",0.666602859799019,0.0430116753959138,353.828369307882,0.582012177633834,0.751193541964205,"194","Acc_B_3"
195,"Acc_B_3",0.669223872000275,0.042888327092699,353.17381722524,0.584875241327045,0.753572502673505,"195","Acc_B_3"
196,"Acc_B_3",0.67184488420153,0.0427663703138315,352.520729483594,0.587735570583038,0.755954197820023,"196","Acc_B_3"
197,"Acc_B_3",0.674465896402786,0.0426458169975878,351.869260356975,0.590593142006124,0.758338650799447,"197","Acc_B_3"
198,"Acc_B_3",0.677086908604041,0.0425266790794469,351.219566181896,0.593447932207537,0.760725885000546,"198","Acc_B_3"
199,"Acc_B_3",0.679707920805297,0.0424089684880844,350.571805294409,0.596299917813291,0.763115923797303,"199","Acc_B_3"
200,"Acc_B_3",0.682328933006552,0.0422926971412672,349.926137963409,0.599149075472244,0.76550879054086,"200","Acc_B_3"
201,"Acc_B_3",0.684949945207808,0.0421778769416517,349.28272632026,0.601995381864339,0.767904508551277,"201","Acc_B_3"
202,"Acc_B_3",0.687570957409063,0.0420645197724855,348.641734284667,0.604838813709033,0.770303101109093,"202","Acc_B_3"
203,"Acc_B_3",0.690191969610319,0.0419526374932146,348.003327486796,0.607679347773919,0.772704591446719,"203","Acc_B_3"
204,"Acc_B_3",0.692812981811574,0.0418422419349976,347.367673185762,0.610516960883514,0.775109002739635,"204","Acc_B_3"
205,"Acc_B_3",0.69543399401283,0.0417333448961285,346.734940184341,0.613351629928238,0.777516358097422,"205","Acc_B_3"
206,"Acc_B_3",0.698055006214085,0.0416259581373702,346.105298740005,0.616183331873557,0.779926680554613,"206","Acc_B_3"
207,"Acc_B_3",0.700676018415341,0.0415200933772015,345.478920472372,0.619012043769301,0.78233999306138,"207","Acc_B_3"
208,"Acc_B_3",0.703297030616596,0.0414157622869786,344.855978267028,0.621837742759137,0.784756318474056,"208","Acc_B_3"
209,"Acc_B_3",0.705918042817852,0.0413129764860152,344.236646175758,0.624660406090209,0.787175679545494,"209","Acc_B_3"
210,"Acc_B_3",0.708539055019107,0.0412117475365837,343.621099313322,0.627480011122929,0.789598098915285,"210","Acc_B_3"
211,"Acc_B_3",0.711160067220363,0.0411120869388399,343.009513750756,0.630296535340912,0.792023599099813,"211","Acc_B_3"
212,"Acc_B_3",0.713781079421618,0.0410140061256748,342.402066405424,0.633109956361053,0.794452202482184,"212","Acc_B_3"
213,"Acc_B_3",0.716402091622874,0.0409175164574977,341.798934927616,0.635920251943738,0.79688393130201,"213","Acc_B_3"
214,"Acc_B_3",0.719023103824129,0.0408226292169534,341.200297584144,0.638727400003181,0.799318807645078,"214","Acc_B_3"
215,"Acc_B_3",0.721644116025385,0.0407293556035773,340.60633313876,0.64153137861788,0.80175685343289,"215","Acc_B_3"
216,"Acc_B_3",0.72426512822664,0.0406377067283945,340.017220729619,0.64433216604118,0.8041980904121,"216","Acc_B_3"
217,"Acc_B_3",0.726886140427896,0.0405476936084642,339.43313974395,0.647129740711945,0.806642540143847,"217","Acc_B_3"
218,"Acc_B_3",0.729507152629151,0.0404593271613768,338.854269689903,0.649924081265308,0.809090223992994,"218","Acc_B_3"
219,"Acc_B_3",0.732128164830407,0.040372618199707,338.280790065911,0.652715166543525,0.811541163117288,"219","Acc_B_3"
220,"Acc_B_3",0.734749177031662,0.0402875774254278,337.712880227612,0.655502975606882,0.813995378456442,"220","Acc_B_3"
221,"Acc_B_3",0.737370189232918,0.0402042154242924,337.150719252401,0.658287487744677,0.816452890721158,"221","Acc_B_3"
222,"Acc_B_3",0.739991201434173,0.040122542660187,336.594485801924,0.661068682486253,0.818913720382093,"222","Acc_B_3"
223,"Acc_B_3",0.742612213635429,0.0400425694694621,336.044357982697,0.663846539612064,0.821377887658793,"223","Acc_B_3"
224,"Acc_B_3",0.745233225836684,0.0399643060552465,335.500513204795,0.666621039164785,0.823845412508583,"224","Acc_B_3"
225,"Acc_B_3",0.74785423803794,0.039887762481752,334.963128039114,0.669392161460424,0.826316314615455,"225","Acc_B_3"
226,"Acc_B_3",0.750475250239195,0.0398129486685735,334.432378073129,0.672159887099454,0.828790613378936,"226","Acc_B_3"
227,"Acc_B_3",0.753096262440451,0.0397398743849904,333.908437765566,0.67492419697793,0.831268327902972,"227","Acc_B_3"
228,"Acc_B_3",0.755717274641706,0.039668549244278,333.391480300005,0.677685072298588,0.833749476984824,"228","Acc_B_3"
229,"Acc_B_3",0.758338286842962,0.0395989826980334,332.881677437801,0.680442494581916,0.836234079104007,"229","Acc_B_3"
230,"Acc_B_3",0.760959299044217,0.0395311840305237,332.379199370361,0.683196445677175,0.83872215241126,"230","Acc_B_3"
231,"Acc_B_3",0.763580311245473,0.0394651623530635,331.884214571213,0.685946907773361,0.841213714717584,"231","Acc_B_3"
232,"Acc_B_3",0.766201323446728,0.0394009265984283,331.396889647888,0.688693863410099,0.843708783483357,"232","Acc_B_3"
233,"Acc_B_3",0.768822335647984,0.0393384855153113,330.917389194003,0.691437295488445,0.846207375807522,"233","Acc_B_3"
234,"Acc_B_3",0.771443347849239,0.0392778476628306,330.445875641679,0.694177187281591,0.848709508416887,"234","Acc_B_3"
235,"Acc_B_3",0.774064360050495,0.0392190214050942,329.982509114592,0.69691352244545,0.851215197655539,"235","Acc_B_3"
236,"Acc_B_3",0.77668537225175,0.0391620149058306,329.527447281921,0.699646285029122,0.853724459474378,"236","Acc_B_3"
237,"Acc_B_3",0.779306384453005,0.0391068361230911,329.08084521334,0.702375459485202,0.856237309420809,"237","Acc_B_3"
238,"Acc_B_3",0.781927396654261,0.0390534928040329,328.642855235406,0.705101030679943,0.858753762628579,"238","Acc_B_3"
239,"Acc_B_3",0.784548408855516,0.0390019924797894,328.213626789495,0.707822983903241,0.861273833807792,"239","Acc_B_3"
240,"Acc_B_3",0.787169421056772,0.0389523424604348,327.793306291677,0.71054130487843,0.863797537235114,"240","Acc_B_3"
241,"Acc_B_3",0.789790433258027,0.0389045498300517,327.382036994536,0.713255979771884,0.866324886744171,"241","Acc_B_3"
242,"Acc_B_3",0.792411445459283,0.038858621441908,326.979958851465,0.715966995202395,0.868855895716171,"242","Acc_B_3"
243,"Acc_B_3",0.795032457660538,0.03881456391375,326.587208383429,0.718674338250329,0.871390577070748,"243","Acc_B_3"
244,"Acc_B_3",0.797653469861794,0.0387723836232209,326.203918548602,0.72137799646653,0.873928943257058,"244","Acc_B_3"
245,"Acc_B_3",0.800274482063049,0.0387320867034089,325.830218615036,0.724077957880979,0.87647100624512,"245","Acc_B_3"
246,"Acc_B_3",0.802895494264305,0.0386936790385342,325.466234036599,0.726774211011168,0.879016777517442,"246","Acc_B_3"
247,"Acc_B_3",0.80551650646556,0.0386571662597811,325.112086332398,0.729466744870204,0.881566268060917,"247","Acc_B_3"
248,"Acc_B_3",0.808137518666816,0.0386225537412813,324.767892970029,0.732155548974603,0.884119488359029,"248","Acc_B_3"
249,"Acc_B_3",0.810758530868071,0.0385898465962553,324.433767252618,0.734840613351788,0.886676448384355,"249","Acc_B_3"
250,"Acc_B_3",0.813379543069327,0.0385590496733181,324.109818210149,0.737521928547253,0.889237157591401,"250","Acc_B_3"
251,"Acc_B_3",0.816000555270582,0.038530167552956,323.796150495056,0.740199485631404,0.891801624909761,"251","Acc_B_3"
252,"Acc_B_3",0.818621567471838,0.0385032045441785,323.492864282421,0.742873276206049,0.894369858737627,"252","Acc_B_3"
253,"Acc_B_3",0.821242579673093,0.0384781646813538,323.200055174822,0.745543292410535,0.896941866935651,"253","Acc_B_3"
254,"Acc_B_3",0.823863591874349,0.0384550517212299,322.917814112179,0.748209526927521,0.899517656821177,"254","Acc_B_3"
255,"Acc_B_3",0.826484604075604,0.0384338691401489,322.646227286595,0.750871972988371,0.902097235162838,"255","Acc_B_3"
256,"Acc_B_3",0.82910561627686,0.0384146201314586,322.385376062466,0.753530624378168,0.904680608175552,"256","Acc_B_3"
257,"Acc_B_3",0.831726628478115,0.0383973076031247,322.135336901908,0.75618547544033,0.907267781515901,"257","Acc_B_3"
258,"Acc_B_3",0.834347640679371,0.0383819341755499,321.896181295772,0.75883652108083,0.909858760277912,"258","Acc_B_3"
259,"Acc_B_3",0.836968652880626,0.0383685021796011,321.667975700219,0.761483756772002,0.912453548989251,"259","Acc_B_3"
260,"Acc_B_3",0.839589665081882,0.0383570136548507,321.450781479011,0.764127178555938,0.915052151607825,"260","Acc_B_3"
261,"Acc_B_3",0.842210677283137,0.0383474703480335,321.244654851722,0.76676678304746,0.917654571518814,"261","Acc_B_3"
262,"Acc_B_3",0.844831689484393,0.0383398737117215,321.049646847844,0.769402567436666,0.920260811532119,"262","Acc_B_3"
263,"Acc_B_3",0.847452701685648,0.0383342249032212,320.86580326678,0.772034529491049,0.922870873880248,"263","Acc_B_3"
264,"Acc_B_3",0.850073713886904,0.0383305247836928,320.693164644062,0.774662667557178,0.92548476021663,"264","Acc_B_3"
265,"Acc_B_3",0.852694726088159,0.038328773917494,320.531766223591,0.777286980561945,0.928102471614373,"265","Acc_B_3"
266,"Acc_B_3",0.855315738289415,0.0383289725717504,320.381637936003,0.779907468013372,0.930724008565457,"266","Acc_B_3"
267,"Acc_B_3",0.85793675049067,0.0383311207161514,320.242804383204,0.782524130000974,0.933349370980367,"267","Acc_B_3"
268,"Acc_B_3",0.860557762691926,0.0383352180229732,320.115284829156,0.785136967195684,0.935978558188168,"268","Acc_B_3"
269,"Acc_B_3",0.863178774893181,0.0383412638673292,319.999093196707,0.787745980849339,0.938611568937024,"269","Acc_B_3"
270,"Acc_B_3",0.865799787094437,0.0383492573276454,319.894238070682,0.79035117279372,0.941248401395154,"270","Acc_B_3"
271,"Acc_B_3",0.868420799295692,0.0383591971863636,319.800722707017,0.792952545439156,0.943889053152229,"271","Acc_B_3"
272,"Acc_B_3",0.871041811496948,0.0383710819308659,319.718545048042,0.795550101772695,0.9465335212212,"272","Acc_B_3"
273,"Acc_B_3",0.873662823698203,0.0383849097546246,319.647697743753,0.798143845355837,0.94918180204057,"273","Acc_B_3"
274,"Acc_B_3",0.876283835899459,0.0384006785585707,319.588168179041,0.800733780321841,0.951833891477076,"274","Acc_B_3"
275,"Acc_B_3",0.878904848100714,0.0384183859526817,319.539938506806,0.803319911372609,0.954489784828819,"275","Acc_B_3"
276,"Acc_B_3",0.88152586030197,0.0384380292577845,319.502985686884,0.805902243775147,0.957149476828792,"276","Acc_B_3"
277,"Acc_B_3",0.884146872503225,0.0384596055075702,319.477281530635,0.808480783357621,0.95981296164883,"277","Acc_B_3"
278,"Acc_B_3",0.886767884704481,0.0384831114508183,319.462792751131,0.811055536504996,0.962480232903966,"278","Acc_B_3"
279,"Acc_B_3",0.889388896905736,0.0385085435538248,319.459481018757,0.813626510154289,0.965151283657183,"279","Acc_B_3"
280,"Acc_B_3",0.892009909106992,0.0385358980030321,319.467303022176,0.816193711789427,0.967826106424556,"280","Acc_B_3"
281,"Acc_B_3",0.894630921308247,0.0385651707078539,319.48621053444,0.81875714943572,0.970504693180775,"281","Acc_B_3"
282,"Acc_B_3",0.897251933509503,0.0385963573036921,319.516150484149,0.821316831653966,0.973187035365039,"282","Acc_B_3"
283,"Acc_B_3",0.899872945710758,0.0386294531551402,319.55706503144,0.8238727675342,0.975873123887317,"283","Acc_B_3"
284,"Acc_B_3",0.902493957912014,0.0386644533593664,319.608891648699,0.826424966689076,0.978562949134951,"284","Acc_B_3"
285,"Acc_B_3",0.905114970113269,0.038701352749673,319.671563205765,0.828973439246927,0.981256500979611,"285","Acc_B_3"
286,"Acc_B_3",0.907735982314525,0.038740145899224,319.745008059503,0.831518195844484,0.983953768784565,"286","Acc_B_3"
287,"Acc_B_3",0.91035699451578,0.038780827124937,319.829150147484,0.834059247619281,0.986654741412279,"287","Acc_B_3"
288,"Acc_B_3",0.912978006717036,0.0388233904915308,319.923909085594,0.836596606201755,0.989359407232316,"288","Acc_B_3"
289,"Acc_B_3",0.915599018918291,0.0388678298157237,320.029200269476,0.839130283707059,0.992067754129524,"289","Acc_B_3"
290,"Acc_B_3",0.918220031119547,0.0389141386705756,320.144934979417,0.841660292726586,0.994779769512507,"290","Acc_B_3"
291,"Acc_B_3",0.920841043320802,0.0389623103899661,320.271020488612,0.84418664631924,0.997495440322365,"291","Acc_B_3"
292,"Acc_B_3",0.923462055522057,0.0390123380732029,320.407360174523,0.84670935800244,1.00021475304167,"292","Acc_B_3"
293,"Acc_B_3",0.926083067723313,0.0390642145897526,320.553853633194,0.849228441742901,1.00293769370372,"293","Acc_B_3"
294,"Acc_B_3",0.928704079924568,0.0391179325840866,320.710396796122,0.85174391194718,1.00566424790196,"294","Acc_B_3"
295,"Acc_B_3",0.931325092125824,0.0391734844806356,320.876882049769,0.854255783452012,1.00839440079964,"295","Acc_B_3"
296,"Acc_B_3",0.933946104327079,0.0392308624888441,321.053198357152,0.856764071514462,1.0111281371397,"296","Acc_B_3"
297,"Acc_B_3",0.936567116528335,0.039290058608319,321.239231381534,0.859268791801876,1.01386544125479,"297","Acc_B_3"
298,"Acc_B_3",0.93918812872959,0.0393510646340633,321.434863611902,0.861769960381683,1.0166062970775,"298","Acc_B_3"
299,"Acc_B_3",0.941809140930846,0.0394138721617893,321.639974490044,0.864267593711033,1.01935068815066,"299","Acc_B_3"
300,"Acc_B_3",0.944430153132102,0.0394784725933013,321.854440538917,0.866761708626302,1.0220985976379,"300","Acc_B_3"
301,"Acc_B_3",0.947051165333357,0.0395448571419442,322.078135492205,0.869252322332468,1.02485000833425,"301","Acc_B_3"
302,"Acc_B_3",0.949672177534612,0.0396130168381057,322.310930424823,0.871739452392384,1.02760490267684,"302","Acc_B_3"
303,"Acc_B_3",0.952293189735868,0.0396829425347701,322.552693884097,0.87422311671595,1.03036326275579,"303","Acc_B_3"
304,"Acc_B_3",0.954914201937123,0.039754624913112,322.803292021419,0.876703333549201,1.03312507032505,"304","Acc_B_3"
305,"Acc_B_3",0.957535214138379,0.039828054488126,323.062588724293,0.879180121463339,1.03589030681342,"305","Acc_B_3"
306,"Acc_B_3",0.960156226339634,0.0399032216142832,323.330445748358,0.881653499343693,1.03865895333558,"306","Acc_B_3"
307,"Acc_B_3",0.96277723854089,0.0399801164912084,323.606722849417,0.884123486378654,1.04143099070312,"307","Acc_B_3"
308,"Acc_B_3",0.965398250742145,0.0400587291693726,323.891277915109,0.886590102048577,1.04420639943571,"308","Acc_B_3"
309,"Acc_B_3",0.968019262943401,0.0401390495557908,324.183967096102,0.889053366114661,1.04698515977214,"309","Acc_B_3"
310,"Acc_B_3",0.970640275144656,0.0402210674197226,324.484644936655,0.891513298607839,1.04976725168147,"310","Acc_B_3"
311,"Acc_B_3",0.973261287345912,0.0403047723983656,324.793164504291,0.893969919817668,1.05255265487416,"311","Acc_B_3"
312,"Acc_B_3",0.975882299547167,0.0403901540025386,325.109377518524,0.896423250281248,1.05534134881309,"312","Acc_B_3"
313,"Acc_B_3",0.978503311748423,0.0404772016223461,325.433134478348,0.898873310772171,1.05813331272467,"313","Acc_B_3"
314,"Acc_B_3",0.981124323949678,0.0405659045328202,325.764284788434,0.901320122289515,1.06092852560984,"314","Acc_B_3"
315,"Acc_B_3",0.983745336150934,0.0406562518995326,326.102676883846,0.903763706046895,1.06372696625497,"315","Acc_B_3"
316,"Acc_B_3",0.986366348352189,0.0407482327841731,326.448158353122,0.906204083461579,1.0665286132428,"316","Acc_B_3"
317,"Acc_B_3",0.988987360553445,0.0408418361500878,326.800576059567,0.908641276143685,1.0693334449632,"317","Acc_B_3"
318,"Acc_B_3",0.9916083727547,0.0409370508677728,327.159776260722,0.911075305885455,1.07214143962394,"318","Acc_B_3"
319,"Acc_B_3",0.994229384955956,0.041033865720319,327.525604725777,0.913506194650635,1.07495257526128,"319","Acc_B_3"
320,"Acc_B_3",0.996850397157211,0.041132269408802,327.897906850815,0.915933964563949,1.07776682975047,"320","Acc_B_3"
321,"Acc_B_3",0.999471409358467,0.0412322505576146,328.276527771926,0.918358637900697,1.08058418081624,"321","Acc_B_3"
322,"Acc_B_3",1.00209242155972,0.0413337977197364,328.661312475892,0.920780237076464,1.08340460604298,"322","Acc_B_3"
323,"Acc_B_3",1.00471343376098,0.0414368993819377,329.052105908474,0.923198784636959,1.086228082885,"323","Acc_B_3"
324,"Acc_B_3",1.00733444596223,0.0415415439699117,329.448753080218,0.925614303247999,1.08905458867647,"324","Acc_B_3"
325,"Acc_B_3",1.00995545816349,0.0416477198533356,329.85109916959,0.928026815685623,1.09188410064135,"325","Acc_B_3"
326,"Acc_B_3",1.01257647036474,0.0417554153508535,330.258989623546,0.93043634482636,1.09471659590313,"326","Acc_B_3"
327,"Acc_B_3",1.015197482566,0.0418646187349796,330.672270255276,0.932842913637651,1.09755205149435,"327","Acc_B_3"
328,"Acc_B_3",1.01781849476726,0.0419753182369195,331.090787339234,0.935246545168435,1.10039044436608,"328","Acc_B_3"
329,"Acc_B_3",1.02043950696851,0.0420875020513059,331.514387703291,0.937647262539894,1.10323175139713,"329","Acc_B_3"
330,"Acc_B_3",1.02306051916977,0.0422011583408468,331.942918818051,0.940045088936371,1.10607594940316,"330","Acc_B_3"
331,"Acc_B_3",1.02568153137102,0.0423162752408848,332.376228883166,0.942440047596459,1.10892301514558,"331","Acc_B_3"
332,"Acc_B_3",1.02830254357228,0.0424328408638635,332.814166910845,0.944832161804274,1.11177292534028,"332","Acc_B_3"
333,"Acc_B_3",1.03092355577353,0.0425508433037015,333.256582806214,0.947221454880904,1.11462565666616,"333","Acc_B_3"
334,"Acc_B_3",1.03354456797479,0.0426702706400708,333.703327444884,0.949607950176045,1.11748118577353,"334","Acc_B_3"
335,"Acc_B_3",1.03616558017604,0.0427911109425798,334.154252747305,0.95199167105982,1.12033948929227,"335","Acc_B_3"
336,"Acc_B_3",1.0387865923773,0.0429133522748572,334.609211750316,0.954372640914795,1.1232005438398,"336","Acc_B_3"
337,"Acc_B_3",1.04140760457855,0.0430369826985392,335.068058675555,0.95675088312818,1.12606432602893,"337","Acc_B_3"
338,"Acc_B_3",1.04402861677981,0.0431619902771558,335.530648994883,0.959126421084225,1.1289308124754,"338","Acc_B_3"
339,"Acc_B_3",1.04664962898107,0.0432883630799172,335.99683949288,0.961499278156815,1.13179997980532,"339","Acc_B_3"
340,"Acc_B_3",1.04927064118232,0.0434160891854017,336.466488326273,0.96386947770225,1.13467180466239,"340","Acc_B_3"
341,"Acc_B_3",1.05189165338358,0.043545156685139,336.939455080492,0.966237043052235,1.13754626371492,"341","Acc_B_3"
342,"Acc_B_3",1.05451266558483,0.043675553687096,337.415600823147,0.968601997507052,1.14042333366261,"342","Acc_B_3"
343,"Acc_B_3",1.05713367778609,0.0438072683190593,337.894788154812,0.970964364328945,1.14330299124323,"343","Acc_B_3"
344,"Acc_B_3",1.05975468998734,0.0439402887319171,338.376881256694,0.973324166735686,1.146185213239,"344","Acc_B_3"
345,"Acc_B_3",1.0623757021886,0.0440746031028412,338.861745935649,0.975681427894347,1.14906997648285,"345","Acc_B_3"
346,"Acc_B_3",1.06499671438985,0.044210199638367,339.349249666228,0.978036170915265,1.15195725786444,"346","Acc_B_3"
347,"Acc_B_3",1.06761772659111,0.0443470665773745,339.839261630147,0.980388418846202,1.15484703433602,"347","Acc_B_3"
348,"Acc_B_3",1.07023873879237,0.0444851921939701,340.331652752834,0.982738194666697,1.15773928291803,"348","Acc_B_3"
349,"Acc_B_3",1.07285975099362,0.0446245648002687,340.826295737466,0.985085521282614,1.16063398070463,"349","Acc_B_3"
350,"Acc_B_3",1.07548076319488,0.0447651727490785,341.323065096278,0.987430421520875,1.16353110486888,"350","Acc_B_3"
351,"Acc_B_3",1.07810177539613,0.0449070044364892,341.821837179405,0.989772918124391,1.16643063266787,"351","Acc_B_3"
352,"Acc_B_3",1.08072278759739,0.0450500483043627,342.322490201094,0.992113033747168,1.16933254144761,"352","Acc_B_3"
353,"Acc_B_3",1.08334379979864,0.0451942928427308,342.824904263559,0.994450790949611,1.17223680864767,"353","Acc_B_3"
354,"Acc_B_3",1.0859648119999,0.0453397265920976,343.328961378356,0.996786212194,1.1751434118058,"354","Acc_B_3"
355,"Acc_B_3",1.08858582420115,0.0454863381456493,343.8345454855,0.999119319840156,1.17805232856215,"355","Acc_B_3"
356,"Acc_B_3",1.09120683640241,0.045634116151374,344.341542470245,1.00145013614128,1.18096353666354,"356","Acc_B_3"
357,"Acc_B_3",1.09382784860366,0.0457830493140898,344.849840177651,1.00377868323996,1.18387701396736,"357","Acc_B_3"
358,"Acc_B_3",1.09644886080492,0.0459331263973856,345.359328425025,1.00610498316438,1.18679273844546,"358","Acc_B_3"
359,"Acc_B_3",1.09906987300618,0.0460843362254745,345.86989901226,1.00842905782466,1.18971068818769,"359","Acc_B_3"
360,"Acc_B_3",1.10169088520743,0.0462366676849609,346.381445730143,1.01075092900937,1.19263084140549,"360","Acc_B_3"
361,"Acc_B_3",1.10431189740869,0.0463901097265244,346.893864366757,1.01307061838225,1.19555317643512,"361","Acc_B_3"
362,"Acc_B_3",1.10693290960994,0.046544651366521,347.407052711878,1.01538814747906,1.19847767174083,"362","Acc_B_3"
363,"Acc_B_3",1.1095539218112,0.0467002816885032,347.920910559654,1.01770353770454,1.20140430591785,"363","Acc_B_3"
364,"Acc_B_3",1.11217493401245,0.0468569898446608,348.435339709489,1.02001681032964,1.20433305769526,"364","Acc_B_3"
365,"Acc_B_3",1.11479594621371,0.0470147650571849,348.950243965197,1.02232798648879,1.20726390593863,"365","Acc_B_3"
366,"Acc_B_3",1.11741695841496,0.047173596619555,349.465529132572,1.02463708717737,1.21019682965255,"366","Acc_B_3"
367,"Acc_B_3",1.12003797061622,0.0473334738977527,349.981103015364,1.02694413324934,1.21313180798309,"367","Acc_B_3"
368,"Acc_B_3",1.12265898281747,0.0474943863314026,350.496875409793,1.02924914541497,1.21606882021998,"368","Acc_B_3"
369,"Acc_B_3",1.12527999501873,0.0476563234348428,351.012758097541,1.03155214423871,1.21900784579875,"369","Acc_B_3"
370,"Acc_B_3",1.12790100721999,0.0478192747981264,351.528664837487,1.03385315013727,1.22194886430271,"370","Acc_B_3"
371,"Acc_B_3",1.13052201942124,0.0479832300879553,352.044511356035,1.03615218337771,1.22489185546477,"371","Acc_B_3"
372,"Acc_B_3",1.1331430316225,0.0481481790485489,352.560215336232,1.03844926407577,1.22783679916922,"372","Acc_B_3"
373,"Acc_B_3",1.13576404382375,0.0483141115024497,353.075696405724,1.04074441219426,1.23078367545324,"373","Acc_B_3"
374,"Acc_B_3",1.13838505602501,0.0484810173512654,353.590876123538,1.04303764754158,1.23373246450844,"374","Acc_B_3"
375,"Acc_B_3",1.14100606822626,0.0486488865763524,354.105677965811,1.04532898977037,1.23668314668216,"375","Acc_B_3"
376,"Acc_B_3",1.14362708042752,0.0488177092394395,354.62002731051,1.04761845837629,1.23963570247875,"376","Acc_B_3"
377,"Acc_B_3",1.14624809262877,0.0489874754831953,355.133851421245,1.04990607269687,1.24259011256067,"377","Acc_B_3"
378,"Acc_B_3",1.14886910483003,0.0491581755317404,355.647079430066,1.05219185191051,1.24554635774955,"378","Acc_B_3"
379,"Acc_B_3",1.15149011703129,0.0493297996911065,356.159642319535,1.05447581503553,1.24850441902704,"379","Acc_B_3"
380,"Acc_B_3",1.15411112923254,0.0495023383496429,356.671472903964,1.0567579809294,1.25146427753568,"380","Acc_B_3"
381,"Acc_B_3",1.1567321414338,0.0496757819783736,357.182505809909,1.05903836828802,1.25442591457957,"381","Acc_B_3"
382,"Acc_B_3",1.15935315363505,0.0498501211313055,357.692677455944,1.06131699564506,1.25738931162505,"382","Acc_B_3"
383,"Acc_B_3",1.16197416583631,0.0500253464456899,358.201926031839,1.06359388137146,1.26035445030115,"383","Acc_B_3"
384,"Acc_B_3",1.16459517803756,0.0502014486422386,358.710191477211,1.06586904367503,1.2633213124001,"384","Acc_B_3"
385,"Acc_B_3",1.16721619023882,0.050378418525296,359.217415459424,1.0681425006,1.26628987987763,"385","Acc_B_3"
386,"Acc_B_3",1.16983720244007,0.0505562469829693,359.723541351232,1.07041427002686,1.26926013485329,"386","Acc_B_3"
387,"Acc_B_3",1.17245821464133,0.0507349249872181,360.228514207798,1.07268436967209,1.27223205961057,"387","Acc_B_3"
388,"Acc_B_3",1.17507922684258,0.0509144435939042,360.732280743321,1.07495281708807,1.2752056365971,"388","Acc_B_3"
389,"Acc_B_3",1.17770023904384,0.0510947939428039,361.234789307396,1.07721962966307,1.27818084842461,"389","Acc_B_3"
390,"Acc_B_3",1.1803212512451,0.0512759672575846,361.735989860922,1.07948482462125,1.28115767786894,"390","Acc_B_3"
391,"Acc_B_3",1.18294226344635,0.0514579548457449,362.235833951724,1.08174841902275,1.28413610786995,"391","Acc_B_3"
392,"Acc_B_3",1.18556327564761,0.051640748098523,362.734274689991,1.0840104297639,1.28711612153131,"392","Acc_B_3"
393,"Acc_B_3",1.18818428784886,0.0518243384907713,363.231266723416,1.08627087357743,1.29009770212029,"393","Acc_B_3"
394,"Acc_B_3",1.19080530005012,0.0520087175808009,363.726766212178,1.08852976703275,1.29308083306749,"394","Acc_B_3"
395,"Acc_B_3",1.19342631225137,0.0521938770101966,364.220730803731,1.0907871265363,1.29606549796644,"395","Acc_B_3"
396,"Acc_B_3",1.19604732445263,0.0523798085036027,364.713119607553,1.09304296833199,1.29905168057327,"396","Acc_B_3"
397,"Acc_B_3",1.19866833665388,0.0525665038684827,365.203893169663,1.09529730850161,1.30203936480616,"397","Acc_B_3"
398,"Acc_B_3",1.20128934885514,0.0527539549948519,365.693013447181,1.09755016296538,1.3050285347449,"398","Acc_B_3"
399,"Acc_B_3",1.2039103610564,0.0529421538549866,366.180443782786,1.09980154748249,1.3080191746303,"399","Acc_B_3"
400,"Acc_B_3",1.20653137325765,0.0531310925031079,366.666148879204,1.10205147765171,1.3110112688636,"400","Acc_B_3"
401,"Acc_B_3",1.20915238545891,0.0533207630750452,367.15009477364,1.10429996891202,1.31400480200579,"401","Acc_B_3"
402,"Acc_B_3",1.21177339766016,0.0535111577878759,367.632248812309,1.10654703654335,1.31699975877698,"402","Acc_B_3"
403,"Acc_B_3",1.21439440986142,0.053702268939546,368.112579624968,1.10879269566726,1.31999612405557,"403","Acc_B_3"
404,"Acc_B_3",1.21701542206267,0.0538940889084718,368.591057099572,1.11103696124775,1.32299388287759,"404","Acc_B_3"
405,"Acc_B_3",1.21963643426393,0.0540866101531214,369.067652357005,1.11327984809205,1.32599302043581,"405","Acc_B_3"
406,"Acc_B_3",1.22225744646518,0.0542798252115808,369.542337725867,1.11552137085145,1.32899352207892,"406","Acc_B_3"
407,"Acc_B_3",1.22487845866644,0.0544737267011018,370.01508671754,1.1177615440222,1.33199537331068,"407","Acc_B_3"
408,"Acc_B_3",1.22749947086769,0.0546683073176355,370.485874001233,1.12000038194639,1.334998559789,"408","Acc_B_3"
409,"Acc_B_3",1.23012048306895,0.0548635598353506,370.954675379333,1.12223789881291,1.33800306732499,"409","Acc_B_3"
410,"Acc_B_3",1.23274149527021,0.0550594771061378,371.421467762851,1.12447410865838,1.34100888188203,"410","Acc_B_3"
411,"Acc_B_3",1.23536250747146,0.0552560520591008,371.886229147079,1.12670902536818,1.34401598957474,"411","Acc_B_3"
412,"Acc_B_3",1.23798351967272,0.0554532777000364,372.348938587513,1.1289426626774,1.34702437666803,"412","Acc_B_3"
413,"Acc_B_3",1.24060453187397,0.0556511471109014,372.809576175904,1.13117503417195,1.35003402957599,"413","Acc_B_3"
414,"Acc_B_3",1.24322554407523,0.0558496534492702,373.268123016651,1.13340615328955,1.35304493486091,"414","Acc_B_3"
415,"Acc_B_3",1.24584655627648,0.0560487899477813,373.724561203277,1.13563603332083,1.35605707923213,"415","Acc_B_3"
416,"Acc_B_3",1.24846756847774,0.0562485499135755,374.178873795348,1.13786468741044,1.35907044954504,"416","Acc_B_3"
417,"Acc_B_3",1.25108858067899,0.0564489267277246,374.631044795535,1.14009212855813,1.36208503279985,"417","Acc_B_3"
418,"Acc_B_3",1.25370959288025,0.0566499138446528,375.081059126963,1.14231836961991,1.36510081614059,"418","Acc_B_3"
419,"Acc_B_3",1.2563306050815,0.0568515047915506,375.528902610844,1.14454342330916,1.36811778685385,"419","Acc_B_3"
420,"Acc_B_3",1.25895161728276,0.0570536931677816,375.974561944426,1.14676730219779,1.37113593236773,"420","Acc_B_3"
421,"Acc_B_3",1.26157262948402,0.0572564726442834,376.41802467916,1.14899001871744,1.37415524025059,"421","Acc_B_3"
422,"Acc_B_3",1.26419364168527,0.0574598369629633,376.859279199262,1.15121158516062,1.37717569820992,"422","Acc_B_3"
423,"Acc_B_3",1.26681465388653,0.0576637799360884,377.298314700487,1.1534320136819,1.38019729409115,"423","Acc_B_3"
424,"Acc_B_3",1.26943566608778,0.057868295445671,377.735121169275,1.15565131629915,1.38322001587641,"424","Acc_B_3"
425,"Acc_B_3",1.27205667828904,0.0580733774428512,378.169689362139,1.15786950489469,1.38624385168339,"425","Acc_B_3"
426,"Acc_B_3",1.27467769049029,0.0582790199472742,378.602010785441,1.16008659121653,1.38926878976406,"426","Acc_B_3"
427,"Acc_B_3",1.27729870269155,0.0584852170464664,379.032077675446,1.16230258687959,1.39229481850351,"427","Acc_B_3"
428,"Acc_B_3",1.2799197148928,0.0586919628952065,379.459882978674,1.16451750336693,1.39532192641868,"428","Acc_B_3"
429,"Acc_B_3",1.28254072709406,0.0588992517148977,379.885420332624,1.16673135203095,1.39835010215717,"429","Acc_B_3"
430,"Acc_B_3",1.28516173929532,0.0591070777929343,380.308684046791,1.16894414409467,1.40137933449596,"430","Acc_B_3"
431,"Acc_B_3",1.28778275149657,0.0593154354820704,380.729669083976,1.1711558906529,1.40440961234024,"431","Acc_B_3"
432,"Acc_B_3",1.29040376369783,0.0595243191997848,381.148371041986,1.17336660267354,1.40744092472211,"432","Acc_B_3"
433,"Acc_B_3",1.29302477589908,0.059733723427647,381.564786135645,1.1755762909988,1.41047326079936,"433","Acc_B_3"
434,"Acc_B_3",1.29564578810034,0.0599436427106822,381.978911179022,1.17778496634641,1.41350660985426,"434","Acc_B_3"
435,"Acc_B_3",1.29826680030159,0.0601540716567363,382.390743568186,1.17999263931091,1.41654096129228,"435","Acc_B_3"
436,"Acc_B_3",1.30088781250285,0.0603650049358414,382.80028126408,1.18219932036484,1.41957630464086,"436","Acc_B_3"
437,"Acc_B_3",1.3035088247041,0.0605764372795817,383.207522775857,1.18440501986002,1.42261262954819,"437","Acc_B_3"
438,"Acc_B_3",1.30612983690536,0.0607883634804605,383.612467144464,1.18660974802876,1.42564992578196,"438","Acc_B_3"
439,"Acc_B_3",1.30875084910661,0.0610007783912682,384.015113926574,1.18881351498511,1.42868818322812,"439","Acc_B_3"
440,"Acc_B_3",1.31137186130787,0.061213676924452,384.415463178832,1.19101633072609,1.43172739188966,"440","Acc_B_3"
441,"Acc_B_3",1.31399287350913,0.061427054051487,384.813515442421,1.19321820513289,1.43476754188536,"441","Acc_B_3"
442,"Acc_B_3",1.31661388571038,0.0616409048022494,385.209271727945,1.19541914797217,1.43780862344859,"442","Acc_B_3"
443,"Acc_B_3",1.31923489791164,0.0618552242643917,385.602733500568,1.19761916889718,1.44085062692609,"443","Acc_B_3"
444,"Acc_B_3",1.32185591011289,0.0620700075827202,385.9939026656,1.19981827744907,1.44389354277672,"444","Acc_B_3"
445,"Acc_B_3",1.32447692231415,0.0622852499585756,386.382781554201,1.20201648305804,1.44693736157026,"445","Acc_B_3"
446,"Acc_B_3",1.3270979345154,0.0625009466492156,386.769372909553,1.20421379504457,1.44998207398624,"446","Acc_B_3"
447,"Acc_B_3",1.32971894671666,0.0627170929672007,387.153679873239,1.20641022262063,1.45302767081269,"447","Acc_B_3"
448,"Acc_B_3",1.33233995891791,0.0629336842797832,387.535705971966,1.20860577489085,1.45607414294498,"448","Acc_B_3"
449,"Acc_B_3",1.33496097111917,0.0631507160082996,387.915455104545,1.21080046085375,1.45912148138459,"449","Acc_B_3"
450,"Acc_B_3",1.33758198332043,0.0633681836275662,388.292931529159,1.21299428940287,1.46216967723798,"450","Acc_B_3"
451,"Acc_B_3",1.34020299552168,0.0635860826652777,388.668139851,1.21518726932798,1.46521872171538,"451","Acc_B_3"
452,"Acc_B_3",1.34282400772294,0.0638044087014107,389.041085010071,1.21737940931625,1.46826860612962,"452","Acc_B_3"
453,"Acc_B_3",1.34544501992419,0.06402315736763,389.41177226937,1.2195707179534,1.47131932189498,"453","Acc_B_3"
454,"Acc_B_3",1.34806603212545,0.0642423243466994,389.780207203211,1.22176120372485,1.47437086052604,"454","Acc_B_3"
455,"Acc_B_3",1.3506870443267,0.0644619053718961,390.146395686057,1.22395087501687,1.47742321363654,"455","Acc_B_3"
456,"Acc_B_3",1.35330805652796,0.0646818962264295,390.510343881339,1.22613974011772,1.48047637293819,"456","Acc_B_3"
457,"Acc_B_3",1.35592906872921,0.0649022927428642,390.872058230765,1.2283278072188,1.48353033023963,"457","Acc_B_3"
458,"Acc_B_3",1.35855008093047,0.0651230908025474,391.231545443728,1.23051508441571,1.48658507744523,"458","Acc_B_3"
459,"Acc_B_3",1.36117109313172,0.0653442863350407,391.588812487117,1.23270157970945,1.489640606554,"459","Acc_B_3"
460,"Acc_B_3",1.36379210533298,0.0655658753175558,391.943866575232,1.23488730100743,1.49269690965853,"460","Acc_B_3"
461,"Acc_B_3",1.36641311753424,0.0657878537743959,392.296715160062,1.23707225612465,1.49575397894382,"461","Acc_B_3"
462,"Acc_B_3",1.36903412973549,0.066010217776401,392.647365921746,1.23925645278473,1.49881180668625,"462","Acc_B_3"
463,"Acc_B_3",1.37165514193675,0.0662329634403974,392.995826759301,1.24143989862101,1.50187038525248,"463","Acc_B_3"
464,"Acc_B_3",1.374276154138,0.066456086928653,393.34210578158,1.24362260117762,1.50492970709839,"464","Acc_B_3"
465,"Acc_B_3",1.37689716633926,0.066679584448337,393.68621129845,1.2458045679105,1.50798976476801,"465","Acc_B_3"
466,"Acc_B_3",1.37951817854051,0.0669034522509837,394.0281518122,1.24798580618853,1.5110505508925,"466","Acc_B_3"
467,"Acc_B_3",1.38213919074177,0.0671276866319626,394.367936009182,1.25016632329448,1.51411205818905,"467","Acc_B_3"
468,"Acc_B_3",1.38476020294302,0.0673522839299517,394.705572751701,1.25234612642611,1.51717427945994,"468","Acc_B_3"
469,"Acc_B_3",1.38738121514428,0.067577240526417,395.041071069995,1.25452522269713,1.52023720759142,"469","Acc_B_3"
470,"Acc_B_3",1.39000222734553,0.067802552845097,395.374440154623,1.25670361913828,1.52330083555279,"470","Acc_B_3"
471,"Acc_B_3",1.39262323954679,0.0680282173514907,395.705689348888,1.25888132269826,1.52636515639532,"471","Acc_B_3"
472,"Acc_B_3",1.39524425174805,0.0682542305523525,396.034828141573,1.26105834024477,1.52943016325132,"472","Acc_B_3"
473,"Acc_B_3",1.3978652639493,0.068480588995191,396.361866159761,1.26323467856548,1.53249584933312,"473","Acc_B_3"
474,"Acc_B_3",1.40048627615056,0.0687072892677728,396.686813162009,1.265410344369,1.53556220793211,"474","Acc_B_3"
475,"Acc_B_3",1.40310728835181,0.0689343279976317,397.009679031543,1.26758534428583,1.5386292324178,"475","Acc_B_3"
476,"Acc_B_3",1.40572830055307,0.0691617018515833,397.330473769776,1.26975968486933,1.54169691623681,"476","Acc_B_3"
477,"Acc_B_3",1.40834931275432,0.0693894075352432,397.649207489964,1.27193337259665,1.544765252912,"477","Acc_B_3"
478,"Acc_B_3",1.41097032495558,0.0696174417925521,397.965890410948,1.27410641386968,1.54783423604147,"478","Acc_B_3"
479,"Acc_B_3",1.41359133715683,0.0698458014053044,398.280532851257,1.27627881501596,1.5509038592977,"479","Acc_B_3"
480,"Acc_B_3",1.41621234935809,0.0700744831926831,398.593145223231,1.27845058228959,1.55397411642659,"480","Acc_B_3"
481,"Acc_B_3",1.41883336155935,0.0703034840107983,398.903738027342,1.28062172187213,1.55704500124656,"481","Acc_B_3"
482,"Acc_B_3",1.4214543737606,0.0705328007522321,399.212321846732,1.28279223987352,1.56011650764768,"482","Acc_B_3"
483,"Acc_B_3",1.42407538596186,0.0707624303455874,399.518907341914,1.28496214233293,1.56318862959078,"483","Acc_B_3"
484,"Acc_B_3",1.42669639816311,0.0709923697550426,399.82350524549,1.28713143521965,1.56626136110657,"484","Acc_B_3"
485,"Acc_B_3",1.42931741036437,0.0712226159799106,400.126126357249,1.28930012443397,1.56933469629477,"485","Acc_B_3"
486,"Acc_B_3",1.43193842256562,0.0714531660542029,400.426781539179,1.29146821580799,1.57240862932325,"486","Acc_B_3"
487,"Acc_B_3",1.43455943476688,0.0716840170461988,400.725481710847,1.29363571510653,1.57548315442723,"487","Acc_B_3"
488,"Acc_B_3",1.43718044696813,0.0719151660580193,401.022237844747,1.29580262802788,1.57855826590838,"488","Acc_B_3"
489,"Acc_B_3",1.43980145916939,0.072146610225206,401.317060961883,1.29796896020473,1.58163395813405,"489","Acc_B_3"
490,"Acc_B_3",1.44242247137064,0.072378346716305,401.609962127434,1.30013471720489,1.5847102255364,"490","Acc_B_3"
491,"Acc_B_3",1.4450434835719,0.0726103727324551,401.900952446639,1.30229990453216,1.58778706261164,"491","Acc_B_3"
492,"Acc_B_3",1.44766449577316,0.0728426855069814,402.190043060715,1.30446452762709,1.59086446391922,"492","Acc_B_3"
493,"Acc_B_3",1.45028550797441,0.0730752823049936,402.47724514293,1.30662859186779,1.59394242408103,"493","Acc_B_3"
494,"Acc_B_3",1.45290652017567,0.073308160422988,402.762569894841,1.30879210257072,1.59702093778061,"494","Acc_B_3"
495,"Acc_B_3",1.45552753237692,0.0735413171884563,403.046028542641,1.31095506499142,1.60009999976243,"495","Acc_B_3"
496,"Acc_B_3",1.45814854457818,0.0737747499594967,403.327632333547,1.3131174843253,1.60317960483106,"496","Acc_B_3"
497,"Acc_B_3",1.46076955677943,0.0740084561244317,403.607392532398,1.31527936570838,1.60625974785048,"497","Acc_B_3"
498,"Acc_B_3",1.46339056898069,0.0742424331014291,403.885320418374,1.31744071421807,1.60934042374331,"498","Acc_B_3"
499,"Acc_B_3",1.46601158118194,0.0744766783381277,404.161427281707,1.31960153487383,1.61242162749006,"499","Acc_B_3"
500,"Acc_B_3",1.4686325933832,0.0747111893112688,404.435724420626,1.32176183263796,1.61550335412844,"500","Acc_B_3"
0,"Acc_Ku_1",0.308501143199697,0.0587181823070892,572.397108454996,0.193171759426846,0.423830526972549,"0","Acc_Ku_1"
1,"Acc_Ku_1",0.309842621491328,0.0584857103368033,571.357169266177,0.194969396860702,0.424715846121954,"1","Acc_Ku_1"
2,"Acc_Ku_1",0.311184099782958,0.0582536218302345,570.310054925213,0.19676627996913,0.425601919596786,"2","Acc_Ku_1"
3,"Acc_Ku_1",0.312525578074589,0.0580219213889638,569.255737968662,0.19856239970675,0.426488756442427,"3","Acc_Ku_1"
4,"Acc_Ku_1",0.313867056366219,0.0577906136806128,568.194191859162,0.200357746898556,0.427376365833882,"4","Acc_Ku_1"
5,"Acc_Ku_1",0.31520853465785,0.057559703439856,567.125391027878,0.202152312237936,0.428264757077763,"5","Acc_Ku_1"
6,"Acc_Ku_1",0.31655001294948,0.0573291954694475,566.049310918165,0.203946086284661,0.429153939614299,"6","Acc_Ku_1"
7,"Acc_Ku_1",0.317891491241111,0.057099094641261,564.965928030529,0.205739059462853,0.430043923019368,"7","Acc_Ku_1"
8,"Acc_Ku_1",0.319232969532741,0.0568694058973439,563.875219968614,0.207531222058922,0.43093471700656,"8","Acc_Ku_1"
9,"Acc_Ku_1",0.320574447824371,0.0566401342509853,562.777165486593,0.209322564219475,0.431826331429268,"9","Acc_Ku_1"
10,"Acc_Ku_1",0.321915926116002,0.0564112847877978,561.671744537839,0.211113075949204,0.4327187762828,"10","Acc_Ku_1"
11,"Acc_Ku_1",0.323257404407632,0.0561828626668135,560.558938324745,0.212902747108739,0.433612061706525,"11","Acc_Ku_1"
12,"Acc_Ku_1",0.324598882699263,0.0559548731215936,559.438729350017,0.214691567412484,0.434506197986042,"12","Acc_Ku_1"
13,"Acc_Ku_1",0.325940360990893,0.055727321461352,558.311101469185,0.216479526426412,0.435401195555374,"13","Acc_Ku_1"
14,"Acc_Ku_1",0.327281839282524,0.0555002130720927,557.176039944443,0.21826661356585,0.436297064999197,"14","Acc_Ku_1"
15,"Acc_Ku_1",0.328623317574154,0.0552735534177614,556.03353149996,0.220052818093224,0.437193817055084,"15","Acc_Ku_1"
16,"Acc_Ku_1",0.329964795865785,0.0550473480414105,554.883564378451,0.221838129115783,0.438091462615786,"16","Acc_Ku_1"
17,"Acc_Ku_1",0.331306274157415,0.0548216025663774,553.726128399251,0.223622535583296,0.438990012731534,"17","Acc_Ku_1"
18,"Acc_Ku_1",0.332647752449045,0.0545963226974776,552.561215017636,0.225406026285724,0.439889478612367,"18","Acc_Ku_1"
19,"Acc_Ku_1",0.333989230740676,0.05437151422221,551.388817385828,0.227188589850862,0.44078987163049,"19","Acc_Ku_1"
20,"Acc_Ku_1",0.335330709032306,0.0541471830119765,550.208930415105,0.228970214741961,0.441691203322652,"20","Acc_Ku_1"
21,"Acc_Ku_1",0.336672187323937,0.0539233350233141,549.021550839689,0.230750889255317,0.442593485392556,"21","Acc_Ku_1"
22,"Acc_Ku_1",0.338013665615567,0.0536999762991408,547.826677281855,0.232530601517846,0.443496729713288,"22","Acc_Ku_1"
23,"Acc_Ku_1",0.339355143907198,0.0534771129700137,546.624310318647,0.23430933948462,0.444400948329776,"23","Acc_Ku_1"
24,"Acc_Ku_1",0.340696622198828,0.0532547512554,545.41445255001,0.23608709093639,0.445306153461266,"24","Acc_Ku_1"
25,"Acc_Ku_1",0.342038100490459,0.053032897464961,544.197108668398,0.237863843477084,0.446212357503833,"25","Acc_Ku_1"
26,"Acc_Ku_1",0.343379578782089,0.0528115579998472,542.972285530058,0.239639584531275,0.447119573032903,"26","Acc_Ku_1"
27,"Acc_Ku_1",0.344721057073719,0.0525907393540058,541.739992227398,0.241414301341631,0.448027812805808,"27","Acc_Ku_1"
28,"Acc_Ku_1",0.34606253536535,0.0523704481155006,540.500240163428,0.243187980966345,0.448937089764354,"28","Acc_Ku_1"
29,"Acc_Ku_1",0.34740401365698,0.0521506909678417,539.2530431272,0.244960610276539,0.449847417037422,"29","Acc_Ku_1"
30,"Acc_Ku_1",0.348745491948611,0.0519314746913267,537.998417370956,0.246732175953648,0.450758807943574,"30","Acc_Ku_1"
31,"Acc_Ku_1",0.350086970240241,0.0517128061643932,536.736381688904,0.248502664486789,0.451671275993693,"31","Acc_Ku_1"
32,"Acc_Ku_1",0.351428448531872,0.0514946923649799,535.466957497235,0.250272062170105,0.452584834893638,"32","Acc_Ku_1"
33,"Acc_Ku_1",0.352769926823502,0.051277140371898,534.19016891583,0.252040355100094,0.453499498546911,"33","Acc_Ku_1"
34,"Acc_Ku_1",0.354111405115133,0.0510601573662123,532.906042851261,0.253807529172918,0.454415281057347,"34","Acc_Ku_1"
35,"Acc_Ku_1",0.355452883406763,0.0508437506326293,531.61460908146,0.255573570081705,0.455332196731821,"35","Acc_Ku_1"
36,"Acc_Ku_1",0.356794361698394,0.0506279275608951,530.315900341723,0.25733846331382,0.456250260082967,"36","Acc_Ku_1"
37,"Acc_Ku_1",0.358135839990024,0.0504126956471988,529.009952412133,0.25910219414814,0.457169485831908,"37","Acc_Ku_1"
38,"Acc_Ku_1",0.359477318281654,0.0501980624955841,527.696804206376,0.260864747652306,0.458089888911003,"38","Acc_Ku_1"
39,"Acc_Ku_1",0.360818796573285,0.0499840358193658,526.376497862144,0.262626108679966,0.459011484466603,"39","Acc_Ku_1"
40,"Acc_Ku_1",0.362160274864915,0.0497706234425522,525.049078832634,0.264386261868011,0.45993428786182,"40","Acc_Ku_1"
41,"Acc_Ku_1",0.363501753156546,0.0495578333012716,523.714595979471,0.2661451916338,0.460858314679292,"41","Acc_Ku_1"
42,"Acc_Ku_1",0.364843231448176,0.0493456734452021,522.373101667099,0.267902882172384,0.461783580723969,"42","Acc_Ku_1"
43,"Acc_Ku_1",0.366184709739807,0.0491341520390048,521.024651858148,0.269659317453719,0.462710102025894,"43","Acc_Ku_1"
44,"Acc_Ku_1",0.367526188031437,0.0489232773637577,519.669306210221,0.271414481219885,0.463637894842989,"44","Acc_Ku_1"
45,"Acc_Ku_1",0.368867666323068,0.048713057818391,518.307128173766,0.273168356982296,0.464566975663839,"45","Acc_Ku_1"
46,"Acc_Ku_1",0.370209144614698,0.0485035019211216,516.938185091119,0.274920928018918,0.465497361210478,"46","Acc_Ku_1"
47,"Acc_Ku_1",0.371550622906328,0.0482946183108864,515.562548296601,0.276672177371487,0.46642906844117,"47","Acc_Ku_1"
48,"Acc_Ku_1",0.372892101197959,0.0480864157487722,514.180293217605,0.27842208784274,0.467362114553178,"48","Acc_Ku_1"
49,"Acc_Ku_1",0.374233579489589,0.0478789031194423,512.791499476603,0.280170641993646,0.468296516985532,"49","Acc_Ku_1"
50,"Acc_Ku_1",0.37557505778122,0.0476720894325571,511.396250994203,0.281917822140658,0.469232293421782,"50","Acc_Ku_1"
51,"Acc_Ku_1",0.37691653607285,0.0474659838241885,509.994636092726,0.283663610352968,0.470169461792732,"51","Acc_Ku_1"
52,"Acc_Ku_1",0.378258014364481,0.0472605955582251,508.586747600798,0.285407988449795,0.471108040279166,"52","Acc_Ku_1"
53,"Acc_Ku_1",0.379599492656111,0.0470559340277689,507.172682958444,0.287150937997678,0.472048047314544,"53","Acc_Ku_1"
54,"Acc_Ku_1",0.380940970947742,0.0468520087565193,505.752544322651,0.288892440307801,0.472989501587682,"54","Acc_Ku_1"
55,"Acc_Ku_1",0.382282449239372,0.0466488294001446,504.326438673658,0.290632476433346,0.473932422045398,"55","Acc_Ku_1"
56,"Acc_Ku_1",0.383623927531002,0.0464464057476382,502.894477921335,0.292371027166872,0.474876827895133,"56","Acc_Ku_1"
57,"Acc_Ku_1",0.384965405822633,0.0462447477226581,501.456779011986,0.294108073037729,0.475822738607537,"57","Acc_Ku_1"
58,"Acc_Ku_1",0.386306884114263,0.0460438653848475,500.013464035224,0.295843594309517,0.47677017391901,"58","Acc_Ku_1"
59,"Acc_Ku_1",0.387648362405894,0.0458437689311342,498.564660330911,0.297577570977576,0.477719153834211,"59","Acc_Ku_1"
60,"Acc_Ku_1",0.388989840697524,0.0456444686970076,497.110500595984,0.299309982766533,0.478669698628515,"60","Acc_Ku_1"
61,"Acc_Ku_1",0.390331318989155,0.0454459751577695,495.651122990998,0.301040809127895,0.479621828850415,"61","Acc_Ku_1"
62,"Acc_Ku_1",0.391672797280785,0.0452482989297576,494.186671246422,0.302770029237695,0.480575565323875,"62","Acc_Ku_1"
63,"Acc_Ku_1",0.393014275572416,0.0450514507715392,492.717294768338,0.304497621994208,0.481530929150623,"63","Acc_Ku_1"
64,"Acc_Ku_1",0.394355753864046,0.0448554415850712,491.243148743448,0.30622356601572,0.482487941712372,"64","Acc_Ku_1"
65,"Acc_Ku_1",0.395697232155676,0.0446602824168261,489.764394243423,0.307947839638378,0.483446624672975,"65","Acc_Ku_1"
66,"Acc_Ku_1",0.397038710447307,0.0444659844588783,488.281198328044,0.309670420914112,0.484406999980502,"66","Acc_Ku_1"
67,"Acc_Ku_1",0.398380188738937,0.0442725590499506,486.793734147322,0.311391287608636,0.485369089869238,"67","Acc_Ku_1"
68,"Acc_Ku_1",0.399721667030568,0.0440800176764157,485.3021810424,0.313110417199544,0.486332916861591,"68","Acc_Ku_1"
69,"Acc_Ku_1",0.401063145322198,0.0438883719732516,483.806724644657,0.314827786874492,0.487298503769905,"69","Acc_Ku_1"
70,"Acc_Ku_1",0.402404623613829,0.0436976337249453,482.307556973315,0.316543373529483,0.488265873698174,"70","Acc_Ku_1"
71,"Acc_Ku_1",0.403746101905459,0.043507814866344,480.804876531166,0.318257153767263,0.489235050043655,"71","Acc_Ku_1"
72,"Acc_Ku_1",0.40508758019709,0.0433189274834485,479.298888397971,0.319969103895824,0.490206056498355,"72","Acc_Ku_1"
73,"Acc_Ku_1",0.40642905848872,0.0431309838141454,477.789804321828,0.321679199927026,0.491178917050414,"73","Acc_Ku_1"
74,"Acc_Ku_1",0.40777053678035,0.0429439962488763,476.277842807708,0.323387417575359,0.492153655985342,"74","Acc_Ku_1"
75,"Acc_Ku_1",0.409112015071981,0.0427579773312364,474.763229203502,0.325093732256823,0.493130297887139,"75","Acc_Ku_1"
76,"Acc_Ku_1",0.410453493363611,0.0425729397585035,473.246195782852,0.326798119087962,0.494108867639261,"76","Acc_Ku_1"
77,"Acc_Ku_1",0.411794971655242,0.0423888963820883,471.726981824984,0.328500552885046,0.495089390425437,"77","Acc_Ku_1"
78,"Acc_Ku_1",0.413136449946872,0.0422058602079057,470.205833690728,0.330201008163414,0.49607189173033,"78","Acc_Ku_1"
79,"Acc_Ku_1",0.414477928238503,0.0420238443966606,468.683004895175,0.331899459136976,0.49705639734003,"79","Acc_Ku_1"
80,"Acc_Ku_1",0.415819406530133,0.0418428622640448,467.158756176158,0.333595879717898,0.498042933342368,"80","Acc_Ku_1"
81,"Acc_Ku_1",0.417160884821764,0.0416629272808394,465.633355558564,0.335290243516473,0.499031526127054,"81","Acc_Ku_1"
82,"Acc_Ku_1",0.418502363113394,0.0414840530729196,464.107078414089,0.336982523841182,0.500022202385606,"82","Acc_Ku_1"
83,"Acc_Ku_1",0.419843841405024,0.0413062534211555,462.58020751628,0.338672693698954,0.501014989111094,"83","Acc_Ku_1"
84,"Acc_Ku_1",0.421185319696655,0.0411295422612049,461.053033090557,0.34036072579565,0.502009913597659,"84","Acc_Ku_1"
85,"Acc_Ku_1",0.422526797988285,0.040953933683193,459.525852858813,0.342046592536758,0.503007003439813,"85","Acc_Ku_1"
86,"Acc_Ku_1",0.423868276279916,0.0407794419312735,457.998972078636,0.343730266028324,0.504006286531508,"86","Acc_Ku_1"
87,"Acc_Ku_1",0.425209754571546,0.0406060814030664,456.472703576345,0.34541171807813,0.505007791064963,"87","Acc_Ku_1"
88,"Acc_Ku_1",0.426551232863177,0.0404338666489666,454.947367774199,0.347090920197117,0.506011545529236,"88","Acc_Ku_1"
89,"Acc_Ku_1",0.427892711154807,0.0402628123713183,453.423292710893,0.348767843601076,0.507017578708538,"89","Acc_Ku_1"
90,"Acc_Ku_1",0.429234189446438,0.0400929334234495,451.900814055473,0.35044245921261,0.508025919680265,"90","Acc_Ku_1"
91,"Acc_Ku_1",0.430575667738068,0.0399242448085614,450.380275114205,0.352114737663381,0.509036597812755,"91","Acc_Ku_1"
92,"Acc_Ku_1",0.431917146029698,0.039756761678466,448.862026830162,0.353784649296655,0.510049642762742,"92","Acc_Ku_1"
93,"Acc_Ku_1",0.433258624321329,0.0395904993321674,447.346427775106,0.355452164170148,0.51106508447251,"93","Acc_Ku_1"
94,"Acc_Ku_1",0.434600102612959,0.0394254732142807,445.833844133641,0.357117252059195,0.512082953166723,"94","Acc_Ku_1"
95,"Acc_Ku_1",0.43594158090459,0.0392616989132818,444.324649679219,0.358779882460245,0.513103279348935,"95","Acc_Ku_1"
96,"Acc_Ku_1",0.43728305919622,0.0390991921595834,442.819225741519,0.360440024594691,0.514126093797749,"96","Acc_Ku_1"
97,"Acc_Ku_1",0.438624537487851,0.0389379688234309,441.317961165336,0.362097647413065,0.515151427562637,"97","Acc_Ku_1"
98,"Acc_Ku_1",0.439966015779481,0.0387780449126117,439.821252260436,0.363752719599576,0.516179311959386,"98","Acc_Ku_1"
99,"Acc_Ku_1",0.441307494071112,0.0386194365699734,438.329502742106,0.365405209577041,0.517209778565182,"99","Acc_Ku_1"
100,"Acc_Ku_1",0.442648972362742,0.0384621600707432,436.843123662268,0.367055085512186,0.518242859213298,"100","Acc_Ku_1"
101,"Acc_Ku_1",0.443990450654372,0.0383062318196447,435.362533330858,0.36870231532135,0.519278585987395,"101","Acc_Ku_1"
102,"Acc_Ku_1",0.445331928946003,0.0381516683478043,433.888157227228,0.370346866676599,0.520316991215407,"102","Acc_Ku_1"
103,"Acc_Ku_1",0.446673407237633,0.0379984863094434,432.420427901244,0.371988707012245,0.521358107463022,"103","Acc_Ku_1"
104,"Acc_Ku_1",0.448014885529264,0.0378467024783491,430.959784864114,0.373627803531811,0.522401967526717,"104","Acc_Ku_1"
105,"Acc_Ku_1",0.449356363820894,0.0376963337441189,429.506674468378,0.375264123215419,0.523448604426369,"105","Acc_Ku_1"
106,"Acc_Ku_1",0.450697842112525,0.0375473971081743,428.061549777278,0.376897632827641,0.524498051397408,"106","Acc_Ku_1"
107,"Acc_Ku_1",0.452039320404155,0.0373999096795364,426.624870422874,0.378528298925796,0.525550341882514,"107","Acc_Ku_1"
108,"Acc_Ku_1",0.453380798695786,0.0372538886703607,425.197102453185,0.380156087868724,0.526605509522847,"108","Acc_Ku_1"
109,"Acc_Ku_1",0.454722276987416,0.0371093513912248,423.778718167766,0.381780965826036,0.527663588148796,"109","Acc_Ku_1"
110,"Acc_Ku_1",0.456063755279047,0.0369663152461639,422.370195942043,0.383402898787851,0.528724611770242,"110","Acc_Ku_1"
111,"Acc_Ku_1",0.457405233570677,0.036824797727452,420.972020039756,0.385021852575024,0.52978861456633,"111","Acc_Ku_1"
112,"Acc_Ku_1",0.458746711862307,0.0366848164101219,419.584680414002,0.386637792849879,0.530855630874736,"112","Acc_Ku_1"
113,"Acc_Ku_1",0.460088190153938,0.0365463889462222,418.208672496177,0.388250685127452,0.531925695180423,"113","Acc_Ku_1"
114,"Acc_Ku_1",0.461429668445568,0.0364095330588071,416.844496973286,0.38986049478725,0.532998842103886,"114","Acc_Ku_1"
115,"Acc_Ku_1",0.462771146737199,0.0362742665356557,415.492659553266,0.391467187085526,0.534075106388871,"115","Acc_Ku_1"
116,"Acc_Ku_1",0.464112625028829,0.0361406072227186,414.153670718288,0.393070727168087,0.535154522889571,"116","Acc_Ku_1"
117,"Acc_Ku_1",0.46545410332046,0.0360085730172894,412.828045466288,0.394671080083629,0.53623712655729,"117","Acc_Ku_1"
118,"Acc_Ku_1",0.46679558161209,0.0358781818608987,411.516303040422,0.396268210797607,0.537322952426574,"118","Acc_Ku_1"
119,"Acc_Ku_1",0.468137059903721,0.0357494517319298,410.2189666468,0.397862084206636,0.538412035600805,"119","Acc_Ku_1"
120,"Acc_Ku_1",0.469478538195351,0.0356224006379561,408.936563160233,0.399452665153441,0.539504411237261,"120","Acc_Ku_1"
121,"Acc_Ku_1",0.470820016486981,0.0354970466077973,407.669622818444,0.401039918442327,0.540600114531635,"121","Acc_Ku_1"
122,"Acc_Ku_1",0.472161494778612,0.0353734076832983,406.418678904514,0.402623808855203,0.541699180702021,"122","Acc_Ku_1"
123,"Acc_Ku_1",0.473502973070242,0.0352515019108283,405.184267417992,0.404204301168125,0.542801644972359,"123","Acc_Ku_1"
124,"Acc_Ku_1",0.474844451361873,0.0351313473325041,403.966926734587,0.405781360168384,0.543907542555362,"124","Acc_Ku_1"
125,"Acc_Ku_1",0.476185929653503,0.0350129619771387,402.767197254827,0.407354950672107,0.5450169086349,"125","Acc_Ku_1"
126,"Acc_Ku_1",0.477527407945134,0.0348963638509185,401.585621041808,0.408925037542389,0.546129778347878,"126","Acc_Ku_1"
127,"Acc_Ku_1",0.478868886236764,0.0347815709278123,400.422741448174,0.410491585707933,0.547246186765596,"127","Acc_Ku_1"
128,"Acc_Ku_1",0.480210364528395,0.034668601139717,399.279102732922,0.412054560182194,0.548366168874596,"128","Acc_Ku_1"
129,"Acc_Ku_1",0.481551842820025,0.0345574723663457,398.155249667844,0.413613926083018,0.549489759557032,"129","Acc_Ku_1"
130,"Acc_Ku_1",0.482893321111655,0.0344482024248627,397.051727134357,0.415169648652766,0.550616993570545,"130","Acc_Ku_1"
131,"Acc_Ku_1",0.484234799403286,0.0343408090592737,395.969079710811,0.416721693278899,0.551747905527673,"131","Acc_Ku_1"
132,"Acc_Ku_1",0.485576277694916,0.0342353099295784,394.907851250746,0.418270025515024,0.552882529874809,"132","Acc_Ku_1"
133,"Acc_Ku_1",0.486917755986547,0.0341317226006935,393.868584452419,0.419814611102373,0.55402090087072,"133","Acc_Ku_1"
134,"Acc_Ku_1",0.488259234278177,0.0340300645311568,392.851820420044,0.421355415991704,0.55516305256465,"134","Acc_Ku_1"
135,"Acc_Ku_1",0.489600712569808,0.033930353061622,391.858098217256,0.422892406365594,0.556309018774021,"135","Acc_Ku_1"
136,"Acc_Ku_1",0.490942190861438,0.0338326054031543,390.887954413106,0.424425548661115,0.557458833061761,"136","Acc_Ku_1"
137,"Acc_Ku_1",0.492283669153069,0.0337368386253423,389.941922621198,0.425954809592861,0.558612528713276,"137","Acc_Ku_1"
138,"Acc_Ku_1",0.493625147444699,0.0336430696442349,389.020533032437,0.427480156176301,0.559770138713097,"138","Acc_Ku_1"
139,"Acc_Ku_1",0.494966625736329,0.033551315210121,388.124311941879,0.429001555751436,0.560931695721223,"139","Acc_Ku_1"
140,"Acc_Ku_1",0.49630810402796,0.0334615918951649,387.253781270254,0.430518976006722,0.562097232049198,"140","Acc_Ku_1"
141,"Acc_Ku_1",0.49764958231959,0.0333739160809133,386.409458080755,0.432032385003247,0.563266779635933,"141","Acc_Ku_1"
142,"Acc_Ku_1",0.498991060611221,0.0332883039456914,385.59185409164,0.433541751199105,0.564440370023336,"142","Acc_Ku_1"
143,"Acc_Ku_1",0.500332538902851,0.0332047714519048,384.80147518519,0.435047043473951,0.565618034331751,"143","Acc_Ku_1"
144,"Acc_Ku_1",0.501674017194482,0.0331233343332663,384.038820913849,0.436548231153699,0.566799803235265,"144","Acc_Ku_1"
145,"Acc_Ku_1",0.503015495486112,0.0330440080819664,383.304384003883,0.43804528403532,0.567985706936904,"145","Acc_Ku_1"
146,"Acc_Ku_1",0.504356973777743,0.032966807935807,382.598649857493,0.43953817241171,0.569175775143775,"146","Acc_Ku_1"
147,"Acc_Ku_1",0.505698452069373,0.0328917488653207,381.92209605382,0.441026867096583,0.570370037042163,"147","Acc_Ku_1"
148,"Acc_Ku_1",0.507039930361003,0.0328188455608949,381.275191849688,0.442511339449342,0.571568521272665,"148","Acc_Ku_1"
149,"Acc_Ku_1",0.508381408652634,0.0327481124199248,380.658397680668,0.443991561399907,0.572771255905361,"149","Acc_Ku_1"
150,"Acc_Ku_1",0.509722886944264,0.0326795635340161,380.072164663189,0.445467505473429,0.5739782684151,"150","Acc_Ku_1"
151,"Acc_Ku_1",0.511064365235895,0.0326132126762632,379.516934098452,0.446939144814868,0.575189585656921,"151","Acc_Ku_1"
152,"Acc_Ku_1",0.512405843527525,0.0325490732886231,378.993136978835,0.448406453213379,0.576405233841672,"152","Acc_Ku_1"
153,"Acc_Ku_1",0.513747321819156,0.0324871584694131,378.501193497463,0.449869405126456,0.577625238511856,"153","Acc_Ku_1"
154,"Acc_Ku_1",0.515088800110786,0.0324274809609529,378.04151256177,0.451327975703803,0.578849624517769,"154","Acc_Ku_1"
155,"Acc_Ku_1",0.516430278402417,0.0323700531373796,377.614491311842,0.452782140810872,0.580078415993961,"155","Acc_Ku_1"
156,"Acc_Ku_1",0.517771756694047,0.0323148869926572,377.220514644043,0.454231877052016,0.581311636336078,"156","Acc_Ku_1"
157,"Acc_Ku_1",0.519113234985677,0.032261994128808,376.859954740998,0.455677161793227,0.582549308178128,"157","Acc_Ku_1"
158,"Acc_Ku_1",0.520454713277308,0.03221138574439,376.53317060848,0.457117973184398,0.583791453370218,"158","Acc_Ku_1"
159,"Acc_Ku_1",0.521796191568938,0.0321630726232452,376.240507620082,0.458554290181059,0.585038092956818,"159","Acc_Ku_1"
160,"Acc_Ku_1",0.523137669860569,0.0321170651235447,375.982297070236,0.459986092565555,0.586289247155582,"160","Acc_Ku_1"
161,"Acc_Ku_1",0.524479148152199,0.0320733731671536,375.758855736705,0.461413360967599,0.5875449353368,"161","Acc_Ku_1"
162,"Acc_Ku_1",0.52582062644383,0.0320320062293415,375.570485452928,0.462836076884166,0.588805176003493,"162","Acc_Ku_1"
163,"Acc_Ku_1",0.52716210473546,0.0319929733288619,375.417472691267,0.464254222698689,0.590069986772231,"163","Acc_Ku_1"
164,"Acc_Ku_1",0.528503583027091,0.0319562830184233,375.30008815773,0.465667781699491,0.59133938435469,"164","Acc_Ku_1"
165,"Acc_Ku_1",0.529845061318721,0.0319219433755761,375.218586399031,0.467076738097429,0.592613384540013,"165","Acc_Ku_1"
166,"Acc_Ku_1",0.531186539610351,0.0318899619940352,375.173205422809,0.468481077042703,0.593892002178,"166","Acc_Ku_1"
167,"Acc_Ku_1",0.532528017901982,0.0318603459754621,375.164166331469,0.469880784640781,0.595175251163182,"167","Acc_Ku_1"
168,"Acc_Ku_1",0.533869496193612,0.0318331019217243,375.191672970816,0.471275847967418,0.596463144419807,"168","Acc_Ku_1"
169,"Acc_Ku_1",0.535210974485243,0.0318082359276531,375.25591159383,0.47266625508271,0.597755693887775,"169","Acc_Ku_1"
170,"Acc_Ku_1",0.536552452776873,0.031785753574317,375.357050540474,0.474051995044171,0.599052910509575,"170","Acc_Ku_1"
171,"Acc_Ku_1",0.537893931068504,0.0317656599228283,375.495239934337,0.475433057918783,0.600354804218225,"171","Acc_Ku_1"
172,"Acc_Ku_1",0.539235409360134,0.0317479595086986,375.670611396634,0.476809434793996,0.601661383926272,"172","Acc_Ku_1"
173,"Acc_Ku_1",0.540576887651765,0.0317326563367576,375.883277778345,0.478181117787652,0.602972657515877,"173","Acc_Ku_1"
174,"Acc_Ku_1",0.541918365943395,0.0317197538766486,376.133332911167,0.4795481000568,0.60428863182999,"174","Acc_Ku_1"
175,"Acc_Ku_1",0.543259844235025,0.0317092550589126,376.420851377921,0.480910375805386,0.605609312664665,"175","Acc_Ku_1"
176,"Acc_Ku_1",0.544601322526656,0.0317011622716707,376.745888302997,0.482267940290793,0.606934704762519,"176","Acc_Ku_1"
177,"Acc_Ku_1",0.545942800818286,0.0316954773579139,377.108479163574,0.483620789829222,0.608264811807351,"177","Acc_Ku_1"
178,"Acc_Ku_1",0.547284279109917,0.0316922016134076,377.508639622041,0.48496892179989,0.609599636419943,"178","Acc_Ku_1"
179,"Acc_Ku_1",0.548625757401547,0.0316913357852162,377.946365380315,0.486312334648038,0.610939180155057,"179","Acc_Ku_1"
180,"Acc_Ku_1",0.549967235693178,0.0316928800708517,378.421632056481,0.48765102788674,0.612283443499615,"180","Acc_Ku_1"
181,"Acc_Ku_1",0.551308713984808,0.0316968341180482,378.93439508437,0.48898500209752,0.613632425872097,"181","Acc_Ku_1"
182,"Acc_Ku_1",0.552650192276439,0.0317031970251636,379.484589636413,0.490314258929745,0.614986125623133,"182","Acc_Ku_1"
183,"Acc_Ku_1",0.553991670568069,0.0317119673422075,380.072130570347,0.491638801098834,0.616344540037304,"183","Acc_Ku_1"
184,"Acc_Ku_1",0.5553331488597,0.031723143072491,380.696912399988,0.492958632383258,0.617707665336141,"184","Acc_Ku_1"
185,"Acc_Ku_1",0.55667462715133,0.0317367216748965,381.358809290597,0.494273757620353,0.619075496682307,"185","Acc_Ku_1"
186,"Acc_Ku_1",0.55801610544296,0.0317527000667592,382.057675079115,0.495584182700949,0.620448028184972,"186","Acc_Ku_1"
187,"Acc_Ku_1",0.559357583734591,0.0317710746273541,382.793343319343,0.496889914562836,0.621825252906346,"187","Acc_Ku_1"
188,"Acc_Ku_1",0.560699062026221,0.0317918412019788,383.565627352639,0.498190961183081,0.623207162869361,"188","Acc_Ku_1"
189,"Acc_Ku_1",0.562040540317852,0.0318149951066221,384.374320403898,0.499487331569215,0.624593749066489,"189","Acc_Ku_1"
190,"Acc_Ku_1",0.563382018609482,0.0318405311332043,385.219195703335,0.500779035749306,0.625985001469659,"190","Acc_Ku_1"
191,"Acc_Ku_1",0.564723496901113,0.0318684435553781,386.100006633711,0.502066084760961,0.627380909041264,"191","Acc_Ku_1"
192,"Acc_Ku_1",0.566064975192743,0.0318987261348742,387.016486903454,0.503348490639267,0.628781459746219,"192","Acc_Ku_1"
193,"Acc_Ku_1",0.567406453484374,0.0319313721283739,387.968350745215,0.504626266403707,0.63018664056504,"193","Acc_Ku_1"
194,"Acc_Ku_1",0.568747931776004,0.0319663742948945,388.955293139981,0.505899426044085,0.631596437507923,"194","Acc_Ku_1"
195,"Acc_Ku_1",0.570089410067634,0.0320037249036656,389.976990066643,0.507167984505503,0.633010835629766,"195","Acc_Ku_1"
196,"Acc_Ku_1",0.571430888359265,0.0320434157424786,391.033098776442,0.508431957672403,0.634429819046126,"196","Acc_Ku_1"
197,"Acc_Ku_1",0.572772366650895,0.0320854381264889,392.123258092449,0.509691362351742,0.635853370950049,"197","Acc_Ku_1"
198,"Acc_Ku_1",0.574113844942526,0.0321297829074488,393.247088733409,0.510946216255314,0.637281473629737,"198","Acc_Ku_1"
199,"Acc_Ku_1",0.575455323234156,0.0321764404833481,394.404193661546,0.512196537981289,0.638714108487023,"199","Acc_Ku_1"
200,"Acc_Ku_1",0.576796801525787,0.0322254008084415,395.594158454022,0.51344234699498,0.640151256056594,"200","Acc_Ku_1"
201,"Acc_Ku_1",0.578138279817417,0.0322766534036379,396.816551697386,0.514683663608908,0.641592896025926,"201","Acc_Ku_1"
202,"Acc_Ku_1",0.579479758109048,0.0323301873672277,398.070925404364,0.515920508962206,0.643039007255889,"202","Acc_Ku_1"
203,"Acc_Ku_1",0.580821236400678,0.0323859913859239,399.356815452443,0.517152904999393,0.644489567801963,"203","Acc_Ku_1"
204,"Acc_Ku_1",0.582162714692309,0.0324440537461926,400.673742043342,0.518380874448586,0.645944554936031,"204","Acc_Ku_1"
205,"Acc_Ku_1",0.583504192983939,0.0325043623458474,402.021210182858,0.519604440799187,0.647403945168691,"205","Acc_Ku_1"
206,"Acc_Ku_1",0.584845671275569,0.0325669047058829,403.398710179877,0.520823628279085,0.648867714272053,"206","Acc_Ku_1"
207,"Acc_Ku_1",0.5861871495672,0.0326316679825225,404.805718163979,0.522038461831445,0.650335837302955,"207","Acc_Ku_1"
208,"Acc_Ku_1",0.58752862785883,0.0326986389794549,406.24169662053,0.523248967091101,0.65180828862656,"208","Acc_Ku_1"
209,"Acc_Ku_1",0.588870106150461,0.0327678041602344,407.706094942207,0.52445517036063,0.653285041940291,"209","Acc_Ku_1"
210,"Acc_Ku_1",0.590211584442091,0.0328391496608214,409.198349996032,0.525657098586135,0.654766070298047,"210","Acc_Ku_1"
211,"Acc_Ku_1",0.591553062733722,0.0329126613022374,410.71788670476,0.526854779332787,0.656251346134656,"211","Acc_Ku_1"
212,"Acc_Ku_1",0.592894541025352,0.0329883246033104,412.264118641482,0.528048240760184,0.65774084129052,"212","Acc_Ku_1"
213,"Acc_Ku_1",0.594236019316982,0.0330661247934886,413.836448636354,0.529237511597558,0.659234527036407,"213","Acc_Ku_1"
214,"Acc_Ku_1",0.595577497608613,0.0331460468256979,415.434269394094,0.530422621118883,0.660732374098343,"214","Acc_Ku_1"
215,"Acc_Ku_1",0.596918975900243,0.0332280753892211,417.056964121164,0.531603599117922,0.662234352682565,"215","Acc_Ku_1"
216,"Acc_Ku_1",0.598260454191874,0.0333121949225772,418.703907161337,0.532780475883267,0.66374043250048,"216","Acc_Ku_1"
217,"Acc_Ku_1",0.599601932483504,0.0333983896263788,420.374464638444,0.533953282173397,0.665250582793612,"217","Acc_Ku_1"
218,"Acc_Ku_1",0.600943410775135,0.0334866434761479,422.067995104884,0.535122049191805,0.666764772358465,"218","Acc_Ku_1"
219,"Acc_Ku_1",0.602284889066765,0.0335769402350704,423.783850194675,0.536286808562231,0.6682829695713,"219","Acc_Ku_1"
220,"Acc_Ku_1",0.603626367358396,0.0336692634666685,425.52137527983,0.537447592304036,0.669805142412755,"220","Acc_Ku_1"
221,"Acc_Ku_1",0.604967845650026,0.0337635965473764,427.279910128656,0.538604432807756,0.671331258492296,"221","Acc_Ku_1"
222,"Acc_Ku_1",0.606309323941656,0.0338599226789974,429.058789564738,0.539757362810859,0.672861285072454,"222","Acc_Ku_1"
223,"Acc_Ku_1",0.607650802233287,0.0339582249010305,430.857344125219,0.540906415373756,0.674395189092818,"223","Acc_Ku_1"
224,"Acc_Ku_1",0.608992280524917,0.0340584861028476,432.674900717339,0.542051623856081,0.675932937193754,"224","Acc_Ku_1"
225,"Acc_Ku_1",0.610333758816548,0.0341606890357084,434.510783271746,0.543193021893274,0.677474495739821,"225","Acc_Ku_1"
226,"Acc_Ku_1",0.611675237108178,0.0342648163245987,436.364313391464,0.544330643373498,0.679019830842859,"226","Acc_Ku_1"
227,"Acc_Ku_1",0.613016715399809,0.0343708504798791,438.234810995317,0.545464522414904,0.680568908384714,"227","Acc_Ku_1"
228,"Acc_Ku_1",0.614358193691439,0.0344787739087332,440.121594954628,0.546594693343285,0.682121694039593,"228","Acc_Ku_1"
229,"Acc_Ku_1",0.61569967198307,0.0345885689264023,442.023983721992,0.547721190670129,0.68367815329601,"229","Acc_Ku_1"
230,"Acc_Ku_1",0.6170411502747,0.0347002177671991,443.941295951198,0.548844049071085,0.685238251478315,"230","Acc_Ku_1"
231,"Acc_Ku_1",0.61838262856633,0.0348137025952886,445.872851107039,0.549963303364883,0.686801953767778,"231","Acc_Ku_1"
232,"Acc_Ku_1",0.619724106857961,0.0349290055152301,447.817970064081,0.551078988492701,0.68836922522322,"232","Acc_Ku_1"
233,"Acc_Ku_1",0.621065585149591,0.0350461085822714,449.775975693629,0.552191139498009,0.689940030801174,"233","Acc_Ku_1"
234,"Acc_Ku_1",0.622407063441222,0.0351649938123889,451.746193437459,0.553299791506894,0.69151433537555,"234","Acc_Ku_1"
235,"Acc_Ku_1",0.623748541732852,0.0352856431920683,453.727951868062,0.554404979708889,0.693092103756815,"235","Acc_Ku_1"
236,"Acc_Ku_1",0.625090020024483,0.0354080386878201,455.720583234244,0.555506739338306,0.69467330071066,"236","Acc_Ku_1"
237,"Acc_Ku_1",0.626431498316113,0.035532162255427,457.723423991303,0.556605105656083,0.696257890976143,"237","Acc_Ku_1"
238,"Acc_Ku_1",0.627772976607744,0.0356579958489176,459.735815315238,0.557700113932163,0.697845839283324,"238","Acc_Ku_1"
239,"Acc_Ku_1",0.629114454899374,0.0357855214292662,461.757103600403,0.558791799428396,0.699437110370352,"239","Acc_Ku_1"
240,"Acc_Ku_1",0.630455933191004,0.0359147209728145,463.786640939675,0.559880197381978,0.701031669000031,"240","Acc_Ku_1"
241,"Acc_Ku_1",0.631797411482635,0.0360455764794154,465.823785587113,0.560965342989427,0.702629479975843,"241","Acc_Ku_1"
242,"Acc_Ku_1",0.633138889774265,0.0361780699802968,467.867902402319,0.562047271391103,0.704230508157428,"242","Acc_Ku_1"
243,"Acc_Ku_1",0.634480368065896,0.0363121835456467,469.918363276018,0.563126017656261,0.70583471847553,"243","Acc_Ku_1"
244,"Acc_Ku_1",0.635821846357526,0.0364478992919184,471.97454753693,0.564201616768656,0.707442075946397,"244","Acc_Ku_1"
245,"Acc_Ku_1",0.637163324649157,0.0365851993888584,474.035842339191,0.565274103612671,0.709052545685643,"245","Acc_Ku_1"
246,"Acc_Ku_1",0.638504802940787,0.0367240660662574,476.101643030492,0.56634351296,0.710666092921574,"246","Acc_Ku_1"
247,"Acc_Ku_1",0.639846281232418,0.0368644816204264,478.171353500346,0.56740987945685,0.712282683007985,"247","Acc_Ku_1"
248,"Acc_Ku_1",0.641187759524048,0.0370064284204013,480.244386508849,0.568473237611681,0.713902281436415,"248","Acc_Ku_1"
249,"Acc_Ku_1",0.642529237815679,0.0371498889138774,482.32016399537,0.569533621783462,0.715524853847895,"249","Acc_Ku_1"
250,"Acc_Ku_1",0.643870716107309,0.0372948456328778,484.398117367694,0.570591066170458,0.717150366044159,"250","Acc_Ku_1"
251,"Acc_Ku_1",0.645212194398939,0.0374412811991596,486.477687771157,0.571645604799515,0.718778783998364,"251","Acc_Ku_1"
252,"Acc_Ku_1",0.64655367269057,0.0375891783293611,488.558326338215,0.572697271515855,0.720410073865284,"252","Acc_Ku_1"
253,"Acc_Ku_1",0.6478951509822,0.0377385198398942,490.639494418371,0.573746099973377,0.722044201991023,"253","Acc_Ku_1"
254,"Acc_Ku_1",0.649236629273831,0.037889288651587,492.720663788925,0.57479212362543,0.723681134922232,"254","Acc_Ku_1"
255,"Acc_Ku_1",0.650578107565461,0.0380414677940807,494.801316846231,0.575835375716076,0.725320839414846,"255","Acc_Ku_1"
256,"Acc_Ku_1",0.651919585857092,0.0381950404099863,496.880946778494,0.576875889271825,0.726963282442358,"256","Acc_Ku_1"
257,"Acc_Ku_1",0.653261064148722,0.0383499897588058,498.959057719577,0.577913697093824,0.72860843120362,"257","Acc_Ku_1"
258,"Acc_Ku_1",0.654602542440353,0.0385062992206228,501.03516488491,0.578948831750501,0.730256253130204,"258","Acc_Ku_1"
259,"Acc_Ku_1",0.655944020731983,0.0386639522995694,503.108794689191,0.57998132557065,0.731906715893316,"259","Acc_Ku_1"
260,"Acc_Ku_1",0.657285499023613,0.0388229326270727,505.179484846852,0.58101121063694,0.733559787410287,"260","Acc_Ku_1"
261,"Acc_Ku_1",0.658626977315244,0.0389832239648889,507.246784455385,0.582038518779853,0.735215435850635,"261","Acc_Ku_1"
262,"Acc_Ku_1",0.659968455606874,0.0391448102079286,509.310254061922,0.583063281572022,0.736873629641726,"262","Acc_Ku_1"
263,"Acc_Ku_1",0.661309933898505,0.0393076753868812,511.36946571385,0.584085530322968,0.738534337474041,"263","Acc_Ku_1"
264,"Acc_Ku_1",0.662651412190135,0.0394718036706422,513.424002993667,0.585105296074223,0.740197528306047,"264","Acc_Ku_1"
265,"Acc_Ku_1",0.663992890481766,0.0396371793685502,515.473461038654,0.586122609594829,0.741863171368703,"265","Acc_Ku_1"
266,"Acc_Ku_1",0.665334368773396,0.0398037869324406,517.517446546056,0.587137501377195,0.743531236169597,"266","Acc_Ku_1"
267,"Acc_Ku_1",0.666675847065027,0.0399716109585196,519.555577763979,0.588150001633313,0.745201692496741,"267","Acc_Ku_1"
268,"Acc_Ku_1",0.668017325356657,0.0401406361890661,521.587484468819,0.589160140291307,0.746874510422007,"268","Acc_Ku_1"
269,"Acc_Ku_1",0.669358803648287,0.0403108475139671,523.612807929779,0.590167946992317,0.748549660304258,"269","Acc_Ku_1"
270,"Acc_Ku_1",0.670700281939918,0.0404822299720909,525.6312008607,0.591173451087695,0.750227112792141,"270","Acc_Ku_1"
271,"Acc_Ku_1",0.672041760231548,0.0406547687525069,527.642327360319,0.592176681636508,0.751906838826588,"271","Acc_Ku_1"
272,"Acc_Ku_1",0.673383238523179,0.0408284491955546,529.645862840915,0.593177667403346,0.753588809643012,"272","Acc_Ku_1"
273,"Acc_Ku_1",0.674724716814809,0.0410032567937689,531.64149394642,0.594176436856397,0.755272996773222,"273","Acc_Ku_1"
274,"Acc_Ku_1",0.67606619510644,0.041179177192668,533.628918460137,0.595173018165809,0.75695937204707,"274","Acc_Ku_1"
275,"Acc_Ku_1",0.67740767339807,0.0413561961914069,535.607845203047,0.596167439202316,0.758647907593825,"275","Acc_Ku_1"
276,"Acc_Ku_1",0.678749151689701,0.0415342997433054,537.577993922937,0.597159727536099,0.760338575843302,"276","Acc_Ku_1"
277,"Acc_Ku_1",0.680090629981331,0.0417134739562526,539.539095174869,0.598149910435911,0.762031349526751,"277","Acc_Ku_1"
278,"Acc_Ku_1",0.681432108272962,0.0418937050929944,541.490890194025,0.59913801486842,0.763726201677503,"278","Acc_Ku_1"
279,"Acc_Ku_1",0.682773586564592,0.0420749795713108,543.433130760617,0.600124067497774,0.76542310563141,"279","Acc_Ku_1"
280,"Acc_Ku_1",0.684115064856222,0.0422572839640844,545.365579058478,0.601108094685386,0.767122035027059,"280","Acc_Ku_1"
281,"Acc_Ku_1",0.685456543147853,0.0424406049992683,547.288007526601,0.602090122489913,0.768822963805793,"281","Acc_Ku_1"
282,"Acc_Ku_1",0.686798021439483,0.0426249295597563,549.20019870538,0.603070176667432,0.770525866211535,"282","Acc_Ku_1"
283,"Acc_Ku_1",0.688139499731114,0.0428102446831604,551.101945077041,0.6040482826718,0.772230716790428,"283","Acc_Ku_1"
284,"Acc_Ku_1",0.689480978022744,0.0429965375615008,552.993048901256,0.605024465655188,0.7739374903903,"284","Acc_Ku_1"
285,"Acc_Ku_1",0.690822456314375,0.0431837955408119,554.87332204651,0.605998750468782,0.775646162159967,"285","Acc_Ku_1"
286,"Acc_Ku_1",0.692163934606005,0.043372006120669,556.742585817113,0.606971161663642,0.777356707548368,"286","Acc_Ku_1"
287,"Acc_Ku_1",0.693505412897635,0.04356115695364,558.600670776952,0.607941723491706,0.779069102303565,"287","Acc_Ku_1"
288,"Acc_Ku_1",0.694846891189266,0.043751235844666,560.447416569917,0.60891045990695,0.780783322471582,"288","Acc_Ku_1"
289,"Acc_Ku_1",0.696188369480896,0.043942230750374,562.282671737748,0.609877394566662,0.782499344395131,"289","Acc_Ku_1"
290,"Acc_Ku_1",0.697529847772527,0.0441341297783276,564.106293535398,0.61084255083286,0.784217144712194,"290","Acc_Ku_1"
291,"Acc_Ku_1",0.698871326064157,0.0443269211862161,565.918147744548,0.61180595177382,0.785936700354494,"291","Acc_Ku_1"
292,"Acc_Ku_1",0.700212804355788,0.0445205933809892,567.718108485502,0.612767620165719,0.787657988545856,"292","Acc_Ku_1"
293,"Acc_Ku_1",0.701554282647418,0.0447151349179375,569.506058027828,0.613727578494385,0.789380986800451,"293","Acc_Ku_1"
294,"Acc_Ku_1",0.702895760939049,0.0449105344997244,571.281886600052,0.614685848957142,0.791105672920955,"294","Acc_Ku_1"
295,"Acc_Ku_1",0.704237239230679,0.0451067809753714,573.045492198906,0.615642453464754,0.792832024996604,"295","Acc_Ku_1"
296,"Acc_Ku_1",0.705578717522309,0.0453038633392003,574.796780398133,0.616597413643448,0.794560021401171,"296","Acc_Ku_1"
297,"Acc_Ku_1",0.70692019581394,0.0455017707297347,576.535664157193,0.617550750837029,0.796289640790851,"297","Acc_Ku_1"
298,"Acc_Ku_1",0.70826167410557,0.0457004924285654,578.262063630633,0.618502486109054,0.798020862102087,"298","Acc_Ku_1"
299,"Acc_Ku_1",0.709603152397201,0.0459000178591795,579.975905977553,0.619452640245093,0.799753664549308,"299","Acc_Ku_1"
300,"Acc_Ku_1",0.710944630688831,0.0461003365857587,581.67712517198,0.620401233755045,0.801488027622618,"300","Acc_Ku_1"
301,"Acc_Ku_1",0.712286108980462,0.0463014383119476,583.365661814344,0.621348286875511,0.803223931085412,"301","Acc_Ku_1"
302,"Acc_Ku_1",0.713627587272092,0.0465033128795955,585.041462943972,0.622293819572231,0.804961354971953,"302","Acc_Ku_1"
303,"Acc_Ku_1",0.714969065563723,0.0467059502674727,586.704481853244,0.623237851542565,0.806700279584881,"303","Acc_Ku_1"
304,"Acc_Ku_1",0.716310543855353,0.0469093405899647,588.35467790303,0.624180402218017,0.808440685492689,"304","Acc_Ku_1"
305,"Acc_Ku_1",0.717652022146984,0.0471134740957467,589.992016340034,0.62512149076681,0.810182553527157,"305","Acc_Ku_1"
306,"Acc_Ku_1",0.718993500438614,0.0473183411664388,591.616468116129,0.626061136096489,0.811925864780739,"306","Acc_Ku_1"
307,"Acc_Ku_1",0.720334978730244,0.0475239323152452,593.228009709762,0.626999356856562,0.813670600603927,"307","Acc_Ku_1"
308,"Acc_Ku_1",0.721676457021875,0.0477302381855793,594.82662294939,0.627936171441169,0.815416742602581,"308","Acc_Ku_1"
309,"Acc_Ku_1",0.723017935313505,0.0479372495496755,596.412294839354,0.628871597991781,0.81716427263523,"309","Acc_Ku_1"
310,"Acc_Ku_1",0.724359413605136,0.0481449573071906,597.985017388418,0.629805654399915,0.818913172810356,"310","Acc_Ku_1"
311,"Acc_Ku_1",0.725700891896766,0.0483533524837953,599.544787440489,0.630738358309878,0.820663425483655,"311","Acc_Ku_1"
312,"Acc_Ku_1",0.727042370188397,0.0485624262297582,601.091606508187,0.631669727121517,0.822415013255276,"312","Acc_Ku_1"
313,"Acc_Ku_1",0.728383848480027,0.0487721698185234,602.625480609211,0.632599777992993,0.824167918967061,"313","Acc_Ku_1"
314,"Acc_Ku_1",0.729725326771657,0.0489825746452824,604.146420105376,0.633528527843557,0.825922125699758,"314","Acc_Ku_1"
315,"Acc_Ku_1",0.731066805063288,0.0491936322255437,605.654439544526,0.634455993356342,0.827677616770234,"315","Acc_Ku_1"
316,"Acc_Ku_1",0.732408283354918,0.0494053341936987,607.149557505437,0.635382190981154,0.829434375728683,"316","Acc_Ku_1"
317,"Acc_Ku_1",0.733749761646549,0.0496176723015869,608.631796445893,0.636307136937274,0.831192386355824,"317","Acc_Ku_1"
318,"Acc_Ku_1",0.735091239938179,0.049830638417061,610.10118255318,0.637230847216251,0.832951632660108,"318","Acc_Ku_1"
319,"Acc_Ku_1",0.73643271822981,0.0500442245225532,611.557745598408,0.638153337584705,0.834712098874914,"319","Acc_Ku_1"
320,"Acc_Ku_1",0.73777419652144,0.0502584227136422,613.001518793356,0.639074623587121,0.836473769455759,"320","Acc_Ku_1"
321,"Acc_Ku_1",0.739115674813071,0.0504732251976253,614.432538650633,0.639994720548637,0.838236629077504,"321","Acc_Ku_1"
322,"Acc_Ku_1",0.740457153104701,0.0506886242920919,615.850844846916,0.640913643577831,0.840000662631572,"322","Acc_Ku_1"
323,"Acc_Ku_1",0.741798631396331,0.0509046124235036,617.256480089474,0.641831407569491,0.841765855223172,"323","Acc_Ku_1"
324,"Acc_Ku_1",0.743140109687962,0.0511211821257784,618.649489985433,0.642748027207389,0.843532192168535,"324","Acc_Ku_1"
325,"Acc_Ku_1",0.744481587979592,0.0513383260388814,620.029922914637,0.643663516967026,0.845299658992158,"325","Acc_Ku_1"
326,"Acc_Ku_1",0.745823066271223,0.0515560369074232,621.397829905237,0.644577891118381,0.847068241424065,"326","Acc_Ku_1"
327,"Acc_Ku_1",0.747164544562853,0.0517743075792646,622.753264512808,0.645491163728632,0.848837925397075,"327","Acc_Ku_1"
328,"Acc_Ku_1",0.748506022854484,0.0519931310041299,624.096282701992,0.646403348664871,0.850608697044096,"328","Acc_Ku_1"
329,"Acc_Ku_1",0.749847501146114,0.0522125002322292,625.426942731843,0.647314459596802,0.852380542695427,"329","Acc_Ku_1"
330,"Acc_Ku_1",0.751188979437745,0.0524324084128898,626.745305043792,0.648224509999414,0.854153448876076,"330","Acc_Ku_1"
331,"Acc_Ku_1",0.752530457729375,0.0526528487931965,628.051432152827,0.649133513155644,0.855927402303107,"331","Acc_Ku_1"
332,"Acc_Ku_1",0.753871936021006,0.0528738147166438,629.345388541523,0.650041482159015,0.857702389882996,"332","Acc_Ku_1"
333,"Acc_Ku_1",0.755213414312636,0.0530952996217965,630.627240557338,0.650948429916261,0.859478398709012,"333","Acc_Ku_1"
334,"Acc_Ku_1",0.756554892604266,0.0533172970409634,631.897056312434,0.651854369149916,0.861255416058617,"334","Acc_Ku_1"
335,"Acc_Ku_1",0.757896370895897,0.0535398005988807,633.154905586854,0.652759312400901,0.863033429390893,"335","Acc_Ku_1"
336,"Acc_Ku_1",0.759237849187527,0.0537628040114083,634.400859734013,0.653663272031074,0.864812426343981,"336","Acc_Ku_1"
337,"Acc_Ku_1",0.760579327479158,0.0539863010842372,635.634991589535,0.65456626022576,0.866592394732555,"337","Acc_Ku_1"
338,"Acc_Ku_1",0.761920805770788,0.0542102857116094,636.857375382598,0.655468288996264,0.868373322545313,"338","Acc_Ku_1"
339,"Acc_Ku_1",0.763262284062419,0.0544347518750508,638.068086650005,0.656369370182347,0.87015519794249,"339","Acc_Ku_1"
340,"Acc_Ku_1",0.764603762354049,0.0546596936421161,639.267202152951,0.657269515454695,0.871938009253403,"340","Acc_Ku_1"
341,"Acc_Ku_1",0.76594524064568,0.0548851051651468,640.454799796535,0.658168736317343,0.873721744974016,"341","Acc_Ku_1"
342,"Acc_Ku_1",0.76728671893731,0.0551109806800431,641.630958551728,0.659067044110091,0.875506393764529,"342","Acc_Ku_1"
343,"Acc_Ku_1",0.76862819722894,0.0553373145050476,642.795758380028,0.659964450010884,0.877291944446997,"343","Acc_Ku_1"
344,"Acc_Ku_1",0.769969675520571,0.0555641010395437,643.949280160383,0.660860965038168,0.879078386002974,"344","Acc_Ku_1"
345,"Acc_Ku_1",0.771311153812201,0.0557913347628671,645.091605618833,0.661756600053224,0.880865707571179,"345","Acc_Ku_1"
346,"Acc_Ku_1",0.772652632103832,0.0560190102331307,646.222817260289,0.662651365762468,0.882653898445195,"346","Acc_Ku_1"
347,"Acc_Ku_1",0.773994110395462,0.0562471220860633,647.342998302956,0.663545272719735,0.88444294807119,"347","Acc_Ku_1"
348,"Acc_Ku_1",0.775335588687093,0.0564756650338623,648.452232614641,0.66443833132852,0.886232846045665,"348","Acc_Ku_1"
349,"Acc_Ku_1",0.776677066978723,0.0567046338640604,649.550604651644,0.665330551844213,0.888023582113234,"349","Acc_Ku_1"
350,"Acc_Ku_1",0.778018545270354,0.0569340234384053,650.638199399664,0.666221944376286,0.889815146164421,"350","Acc_Ku_1"
351,"Acc_Ku_1",0.779360023561984,0.0571638286917542,651.715102317142,0.667112518890472,0.891607528233496,"351","Acc_Ku_1"
352,"Acc_Ku_1",0.780701501853614,0.0573940446309822,652.781399280014,0.668002285210897,0.893400718496331,"352","Acc_Ku_1"
353,"Acc_Ku_1",0.782042980145245,0.0576246663339037,653.837176529217,0.668891253022208,0.895194707268282,"353","Acc_Ku_1"
354,"Acc_Ku_1",0.783384458436875,0.057855688948209,654.882520619951,0.669779431871649,0.896989485002102,"354","Acc_Ku_1"
355,"Acc_Ku_1",0.784725936728506,0.0580871076904135,655.917518372603,0.670666831171131,0.89878504228588,"355","Acc_Ku_1"
356,"Acc_Ku_1",0.786067415020136,0.0583189178448219,656.94225682593,0.671553460199264,0.900581369841008,"356","Acc_Ku_1"
357,"Acc_Ku_1",0.787408893311767,0.0585511147625055,657.956823191878,0.672439328103363,0.902378458520171,"357","Acc_Ku_1"
358,"Acc_Ku_1",0.788750371603397,0.0587836938602934,658.961304812258,0.673324443901427,0.904176299305367,"358","Acc_Ku_1"
359,"Acc_Ku_1",0.790091849895028,0.0590166506197778,659.955789117106,0.674208816484098,0.905974883305957,"359","Acc_Ku_1"
360,"Acc_Ku_1",0.791433328186658,0.0592499805863324,660.940363584767,0.675092454616583,0.907774201756733,"360","Acc_Ku_1"
361,"Acc_Ku_1",0.792774806478288,0.0594836793681443,661.915115703626,0.675975366940557,0.90957424601602,"361","Acc_Ku_1"
362,"Acc_Ku_1",0.794116284769919,0.0597177426352608,662.88013293555,0.676857561976034,0.911375007563804,"362","Acc_Ku_1"
363,"Acc_Ku_1",0.795457763061549,0.0599521661186475,663.835502680559,0.677739048123218,0.91317647799988,"363","Acc_Ku_1"
364,"Acc_Ku_1",0.79679924135318,0.0601869456092613,664.781312243315,0.678619833664325,0.914978649042034,"364","Acc_Ku_1"
365,"Acc_Ku_1",0.79814071964481,0.060422076957136,665.717648801045,0.679499926765376,0.916781512524245,"365","Acc_Ku_1"
366,"Acc_Ku_1",0.799482197936441,0.0606575560704811,666.644599372702,0.680379335477966,0.918585060394915,"366","Acc_Ku_1"
367,"Acc_Ku_1",0.800823676228071,0.0608933789147938,667.562250789704,0.681258067741017,0.920389284715125,"367","Acc_Ku_1"
368,"Acc_Ku_1",0.802165154519702,0.0611295415119839,668.470689667797,0.682136131382485,0.922194177656918,"368","Acc_Ku_1"
369,"Acc_Ku_1",0.803506632811332,0.0613660399395112,669.370002380395,0.683013534121065,0.923999731501599,"369","Acc_Ku_1"
370,"Acc_Ku_1",0.804848111102963,0.061602870329536,670.260275033248,0.683890283567854,0.925805938638071,"370","Acc_Ku_1"
371,"Acc_Ku_1",0.806189589394593,0.0618400288680815,671.141593439895,0.684766387227998,0.927612791561188,"371","Acc_Ku_1"
372,"Acc_Ku_1",0.807531067686223,0.0620775117942102,672.014043098831,0.685641852502313,0.929420282870134,"372","Acc_Ku_1"
373,"Acc_Ku_1",0.808872545977854,0.0623153153992103,672.877709171463,0.68651668668888,0.931228405266828,"373","Acc_Ku_1"
374,"Acc_Ku_1",0.810214024269484,0.0625534360257967,673.732676461332,0.687390896984617,0.933037151554351,"374","Acc_Ku_1"
375,"Acc_Ku_1",0.811555502561115,0.0627918700673218,674.579029394208,0.68826449048683,0.934846514635399,"375","Acc_Ku_1"
376,"Acc_Ku_1",0.812896980852745,0.0630306139670002,675.416851999485,0.689137474194736,0.936656487510754,"376","Acc_Ku_1"
377,"Acc_Ku_1",0.814238459144376,0.0632696642171444,676.246227892385,0.690009855010966,0.938467063277785,"377","Acc_Ku_1"
378,"Acc_Ku_1",0.815579937436006,0.0635090173584115,677.067240257118,0.690881639743045,0.940278235128967,"378","Acc_Ku_1"
379,"Acc_Ku_1",0.816921415727637,0.0637486699790626,677.879971831064,0.691752835104846,0.942089996350427,"379","Acc_Ku_1"
380,"Acc_Ku_1",0.818262894019267,0.0639886187142328,678.684504889856,0.692623447718029,0.943902340320505,"380","Acc_Ku_1"
381,"Acc_Ku_1",0.819604372310897,0.064228860245213,679.480921233199,0.693493484113448,0.945715260508347,"381","Acc_Ku_1"
382,"Acc_Ku_1",0.820945850602528,0.0644693912987423,680.269302171655,0.694362950732547,0.947528750472509,"382","Acc_Ku_1"
383,"Acc_Ku_1",0.822287328894158,0.0647102086463118,681.04972851412,0.695231853928722,0.949342803859594,"383","Acc_Ku_1"
384,"Acc_Ku_1",0.823628807185789,0.064951309103479,681.822280556268,0.696100199968677,0.9511574144029,"384","Acc_Ku_1"
385,"Acc_Ku_1",0.824970285477419,0.065192689529193,682.587038069418,0.696967995033743,0.952972575921095,"385","Acc_Ku_1"
386,"Acc_Ku_1",0.82631176376905,0.0654343468251303,683.344080290697,0.697835245221188,0.954788282316911,"386","Acc_Ku_1"
387,"Acc_Ku_1",0.82765324206068,0.0656762779350408,684.09348591293,0.698701956545502,0.956604527575858,"387","Acc_Ku_1"
388,"Acc_Ku_1",0.82899472035231,0.0659184798441048,684.835333076426,0.699568134939662,0.958421305764959,"388","Acc_Ku_1"
389,"Acc_Ku_1",0.830336198643941,0.0661609495782985,685.569699360322,0.700433786256375,0.960238611031507,"389","Acc_Ku_1"
390,"Acc_Ku_1",0.831677676935571,0.0664036842037721,686.296661775241,0.70129891626931,0.962056437601833,"390","Acc_Ku_1"
391,"Acc_Ku_1",0.833019155227202,0.0666466808262348,687.016296756169,0.702163530674296,0.963874779780108,"391","Acc_Ku_1"
392,"Acc_Ku_1",0.834360633518832,0.0668899365903525,687.728680156166,0.703027635090515,0.965693631947149,"392","Acc_Ku_1"
393,"Acc_Ku_1",0.835702111810463,0.0671334486791519,688.433887240404,0.703891235061672,0.967512988559253,"393","Acc_Ku_1"
394,"Acc_Ku_1",0.837043590102093,0.0673772143134375,689.131992680801,0.704754336057137,0.969332844147049,"394","Acc_Ku_1"
395,"Acc_Ku_1",0.838385068393724,0.067621230751215,689.823070551332,0.705616943473084,0.971153193314364,"395","Acc_Ku_1"
396,"Acc_Ku_1",0.839726546685354,0.0678654952871255,690.507194323626,0.706479062633601,0.972974030737108,"396","Acc_Ku_1"
397,"Acc_Ku_1",0.841068024976985,0.0681100052518883,691.184436863003,0.707340698791786,0.974795351162183,"397","Acc_Ku_1"
398,"Acc_Ku_1",0.842409503268615,0.0683547580117526,691.854870425252,0.708201857130828,0.976617149406401,"398","Acc_Ku_1"
399,"Acc_Ku_1",0.843750981560245,0.0685997509679581,692.518566653399,0.709062542765064,0.978439420355427,"399","Acc_Ku_1"
400,"Acc_Ku_1",0.845092459851876,0.0688449815562042,693.17559657536,0.709922760741024,0.980262158962728,"400","Acc_Ku_1"
401,"Acc_Ku_1",0.846433938143506,0.0690904472461275,693.826030601656,0.71078251603846,0.982085360248552,"401","Acc_Ku_1"
402,"Acc_Ku_1",0.847775416435137,0.0693361455407883,694.469938523605,0.711641813571356,0.983909019298918,"402","Acc_Ku_1"
403,"Acc_Ku_1",0.849116894726767,0.0695820739761645,695.107389511852,0.712500658188921,0.985733131264613,"403","Acc_Ku_1"
404,"Acc_Ku_1",0.850458373018398,0.0698282301206546,695.738452115349,0.713359054676569,0.987557691360227,"404","Acc_Ku_1"
405,"Acc_Ku_1",0.851799851310028,0.0700746115745879,696.363194260609,0.714217007756881,0.989382694863175,"405","Acc_Ku_1"
406,"Acc_Ku_1",0.853141329601659,0.0703212159697431,696.981683251169,0.715074522090553,0.991208137112765,"406","Acc_Ku_1"
407,"Acc_Ku_1",0.854482807893289,0.0705680409688745,697.593985767546,0.715931602277327,0.993034013509251,"407","Acc_Ku_1"
408,"Acc_Ku_1",0.85582428618492,0.0708150842652457,698.200167867255,0.716788252856908,0.994860319512931,"408","Acc_Ku_1"
409,"Acc_Ku_1",0.85716576447655,0.0710623435821713,698.800294985453,0.717644478309868,0.996687050643232,"409","Acc_Ku_1"
410,"Acc_Ku_1",0.85850724276818,0.0713098166725654,699.394431935464,0.71850028305853,0.998514202477831,"410","Acc_Ku_1"
411,"Acc_Ku_1",0.859848721059811,0.0715575013184979,699.982642909644,0.719355671467844,1.00034177065178,"411","Acc_Ku_1"
412,"Acc_Ku_1",0.861190199351441,0.0718053953307574,700.564991480827,0.720210647846246,1.00216975085664,"412","Acc_Ku_1"
413,"Acc_Ku_1",0.862531677643072,0.0720534965484223,701.141540603472,0.721065216446501,1.00399813883964,"413","Acc_Ku_1"
414,"Acc_Ku_1",0.863873155934702,0.0723018028384374,701.712352615429,0.721919381466538,1.00582693040287,"414","Acc_Ku_1"
415,"Acc_Ku_1",0.865214634226332,0.0725503120951982,702.277489239748,0.722773147050264,1.0076561214024,"415","Acc_Ku_1"
416,"Acc_Ku_1",0.866556112517963,0.0727990222401416,702.837011586644,0.723626517288374,1.00948570774755,"416","Acc_Ku_1"
417,"Acc_Ku_1",0.867897590809593,0.0730479312213442,703.390980155763,0.724479496219136,1.01131568540005,"417","Acc_Ku_1"
418,"Acc_Ku_1",0.869239069101224,0.0732970370131251,703.939454838478,0.725332087829177,1.01314605037327,"418","Acc_Ku_1"
419,"Acc_Ku_1",0.870580547392854,0.0735463376156572,704.482494920679,0.726184296054246,1.01497679873146,"419","Acc_Ku_1"
420,"Acc_Ku_1",0.871922025684485,0.0737958310545838,705.020159085161,0.727036124779967,1.016807926589,"420","Acc_Ku_1"
421,"Acc_Ku_1",0.873263503976115,0.0740455153806407,705.552505414669,0.727887577842586,1.01863943010964,"421","Acc_Ku_1"
422,"Acc_Ku_1",0.874604982267746,0.0742953886692864,706.079591394958,0.728738659029693,1.0204713055058,"422","Acc_Ku_1"
423,"Acc_Ku_1",0.875946460559376,0.0745454490203365,706.601473917671,0.729589372080946,1.02230354903781,"423","Acc_Ku_1"
424,"Acc_Ku_1",0.877287938851006,0.0747956945576044,707.118209283919,0.730439720688777,1.02413615701324,"424","Acc_Ku_1"
425,"Acc_Ku_1",0.878629417142637,0.0750461234285485,707.629853207319,0.731289708499085,1.02596912578619,"425","Acc_Ku_1"
426,"Acc_Ku_1",0.879970895434267,0.0752967338039241,708.136460817855,0.732139339111922,1.02780245175661,"426","Acc_Ku_1"
427,"Acc_Ku_1",0.881312373725898,0.0755475238774422,708.638086665076,0.732988616082161,1.02963613136963,"427","Acc_Ku_1"
428,"Acc_Ku_1",0.882653852017528,0.0757984918654322,709.134784722083,0.733837542920168,1.03147016111489,"428","Acc_Ku_1"
429,"Acc_Ku_1",0.883995330309159,0.0760496360065116,709.626608389137,0.73468612309244,1.03330453752588,"429","Acc_Ku_1"
430,"Acc_Ku_1",0.885336808600789,0.0763009545612598,710.113610497628,0.735534360022257,1.03513925717932,"430","Acc_Ku_1"
431,"Acc_Ku_1",0.88667828689242,0.0765524458118978,710.595843313931,0.736382257090307,1.03697431669453,"431","Acc_Ku_1"
432,"Acc_Ku_1",0.88801976518405,0.0768041080619734,711.073358543469,0.737229817635307,1.03880971273279,"432","Acc_Ku_1"
433,"Acc_Ku_1",0.889361243475681,0.0770559396360504,711.546207334747,0.738077044954616,1.04064544199675,"433","Acc_Ku_1"
434,"Acc_Ku_1",0.890702721767311,0.0773079388794036,712.014440283573,0.73892394230483,1.04248150122979,"434","Acc_Ku_1"
435,"Acc_Ku_1",0.892044200058941,0.0775601041577187,712.478107437202,0.739770512902378,1.0443178872155,"435","Acc_Ku_1"
436,"Acc_Ku_1",0.893385678350572,0.0778124338567966,712.93725829864,0.740616759924102,1.04615459677704,"436","Acc_Ku_1"
437,"Acc_Ku_1",0.894727156642202,0.078064926382263,713.391941830857,0.741462686507828,1.04799162677658,"437","Acc_Ku_1"
438,"Acc_Ku_1",0.896068634933833,0.0783175801592819,713.842206461295,0.742308295752929,1.04982897411474,"438","Acc_Ku_1"
439,"Acc_Ku_1",0.897410113225463,0.0785703936322744,714.288100086077,0.74315359072088,1.05166663573005,"439","Acc_Ku_1"
440,"Acc_Ku_1",0.898751591517094,0.078823365264642,714.729670074533,0.743998574435801,1.05350460859839,"440","Acc_Ku_1"
441,"Acc_Ku_1",0.900093069808724,0.0790764935384934,715.166963273708,0.744843249884997,1.05534288973245,"441","Acc_Ku_1"
442,"Acc_Ku_1",0.901434548100355,0.0793297769543772,715.600026012728,0.745687620019481,1.05718147618123,"442","Acc_Ku_1"
443,"Acc_Ku_1",0.902776026391985,0.0795832140310171,716.028904107464,0.746531687754497,1.05902036502947,"443","Acc_Ku_1"
444,"Acc_Ku_1",0.904117504683616,0.0798368033050531,716.453642864815,0.747375455970029,1.0608595533972,"444","Acc_Ku_1"
445,"Acc_Ku_1",0.905458982975246,0.0800905433307854,716.874287087539,0.748218927511302,1.06269903843919,"445","Acc_Ku_1"
446,"Acc_Ku_1",0.906800461266876,0.080344432679923,717.290881078645,0.749062105189283,1.06453881734447,"446","Acc_Ku_1"
447,"Acc_Ku_1",0.908141939558507,0.0805984699413368,717.703468646102,0.749904991781161,1.06637888733585,"447","Acc_Ku_1"
448,"Acc_Ku_1",0.909483417850137,0.0808526537208153,718.112093107282,0.750747590030831,1.06821924566944,"448","Acc_Ku_1"
449,"Acc_Ku_1",0.910824896141768,0.0811069826408255,718.516797293731,0.751589902649362,1.07005988963417,"449","Acc_Ku_1"
450,"Acc_Ku_1",0.912166374433398,0.081361455340277,718.917623555565,0.752431932315465,1.07190081655133,"450","Acc_Ku_1"
451,"Acc_Ku_1",0.913507852725029,0.0816160704742896,719.314613766251,0.753273681675945,1.07374202377411,"451","Acc_Ku_1"
452,"Acc_Ku_1",0.914849331016659,0.0818708267139654,719.70780932714,0.754115153346156,1.07558350868716,"452","Acc_Ku_1"
453,"Acc_Ku_1",0.916190809308289,0.0821257227461634,720.097251172053,0.754956349910438,1.07742526870614,"453","Acc_Ku_1"
454,"Acc_Ku_1",0.91753228759992,0.0823807572732787,720.482979771933,0.755797273922557,1.07926730127728,"454","Acc_Ku_1"
455,"Acc_Ku_1",0.91887376589155,0.0826359290130245,720.865035139425,0.756637927906129,1.08110960387697,"455","Acc_Ku_1"
456,"Acc_Ku_1",0.920215244183181,0.082891236698218,721.243456833288,0.757478314355046,1.08295217401132,"456","Acc_Ku_1"
457,"Acc_Ku_1",0.921556722474811,0.0831466790765692,721.61828396337,0.758318435733889,1.08479500921573,"457","Acc_Ku_1"
458,"Acc_Ku_1",0.922898200766442,0.0834022549104734,721.989555194639,0.759158294478336,1.08663810705455,"458","Acc_Ku_1"
459,"Acc_Ku_1",0.924239679058072,0.0836579629768068,722.357308752265,0.759997892995568,1.08848146512058,"459","Acc_Ku_1"
460,"Acc_Ku_1",0.925581157349703,0.0839138020667256,722.721582425666,0.760837233664657,1.09032508103475,"460","Acc_Ku_1"
461,"Acc_Ku_1",0.926922635641333,0.0841697709854674,723.082413573488,0.761676318836966,1.0921689524457,"461","Acc_Ku_1"
462,"Acc_Ku_1",0.928264113932963,0.0844258685521568,723.43983912765,0.762515150836523,1.0940130770294,"462","Acc_Ku_1"
463,"Acc_Ku_1",0.929605592224594,0.0846820935996135,723.793895598119,0.763353731960405,1.09585745248878,"463","Acc_Ku_1"
464,"Acc_Ku_1",0.930947070516224,0.0849384449741633,724.144619077356,0.764192064479108,1.09770207655334,"464","Acc_Ku_1"
465,"Acc_Ku_1",0.932288548807855,0.085194921535452,724.492045244564,0.765030150636911,1.0995469469788,"465","Acc_Ku_1"
466,"Acc_Ku_1",0.933630027099485,0.0854515221562629,724.836209370368,0.765867992652237,1.10139206154673,"466","Acc_Ku_1"
467,"Acc_Ku_1",0.934971505391116,0.0857082457223363,725.177146320854,0.766705592718009,1.10323741806422,"467","Acc_Ku_1"
468,"Acc_Ku_1",0.936312983682746,0.085965091132192,725.514890562352,0.767542953001999,1.10508301436349,"468","Acc_Ku_1"
469,"Acc_Ku_1",0.937654461974377,0.0862220572969549,725.849476165447,0.76838007564717,1.10692884830158,"469","Acc_Ku_1"
470,"Acc_Ku_1",0.938995940266007,0.0864791431401832,726.180936809383,0.769216962772014,1.10877491776,"470","Acc_Ku_1"
471,"Acc_Ku_1",0.940337418557638,0.0867363475976987,726.509305786534,0.77005361647089,1.11062122064439,"471","Acc_Ku_1"
472,"Acc_Ku_1",0.941678896849268,0.0869936696174207,726.834616006214,0.770890038814343,1.11246775488419,"472","Acc_Ku_1"
473,"Acc_Ku_1",0.943020375140898,0.0872511081592016,727.156899999438,0.771726231849436,1.11431451843236,"473","Acc_Ku_1"
474,"Acc_Ku_1",0.944361853432529,0.0875086621946653,727.476189922867,0.772562197600062,1.116161509265,"474","Acc_Ku_1"
475,"Acc_Ku_1",0.945703331724159,0.0877663307070485,727.792517562795,0.773397938067261,1.11800872538106,"475","Acc_Ku_1"
476,"Acc_Ku_1",0.94704481001579,0.0880241126910438,728.105914339672,0.774233455229524,1.11985616480206,"476","Acc_Ku_1"
477,"Acc_Ku_1",0.94838628830742,0.0882820071526455,728.416411311934,0.775068751043101,1.12170382557174,"477","Acc_Ku_1"
478,"Acc_Ku_1",0.949727766599051,0.0885400131089981,728.724039180116,0.775903827442295,1.12355170575581,"478","Acc_Ku_1"
479,"Acc_Ku_1",0.951069244890681,0.0887981295882461,729.028828291053,0.776738686339761,1.1253998034416,"479","Acc_Ku_1"
480,"Acc_Ku_1",0.952410723182312,0.0890563556293877,729.330808641688,0.777573329626792,1.12724811673783,"480","Acc_Ku_1"
481,"Acc_Ku_1",0.953752201473942,0.0893146902821288,729.630009883207,0.778407759173608,1.12909664377428,"481","Acc_Ku_1"
482,"Acc_Ku_1",0.955093679765573,0.0895731326067411,729.926461324881,0.779241976829633,1.13094538270151,"482","Acc_Ku_1"
483,"Acc_Ku_1",0.956435158057203,0.089831681673921,730.220191937995,0.780075984423774,1.13279433169063,"483","Acc_Ku_1"
484,"Acc_Ku_1",0.957776636348833,0.0900903365646511,730.511230359801,0.780909783764695,1.13464348893297,"484","Acc_Ku_1"
485,"Acc_Ku_1",0.959118114640464,0.0903490963700644,730.79960489731,0.78174337664108,1.13649285263985,"485","Acc_Ku_1"
486,"Acc_Ku_1",0.960459592932094,0.090607960191309,731.085343531059,0.782576764821905,1.13834242104228,"486","Acc_Ku_1"
487,"Acc_Ku_1",0.961801071223725,0.090866927139417,731.368473918958,0.78340995005669,1.14019219239076,"487","Acc_Ku_1"
488,"Acc_Ku_1",0.963142549515355,0.0911259963351733,731.649023399984,0.784242934075764,1.14204216495495,"488","Acc_Ku_1"
489,"Acc_Ku_1",0.964484027806985,0.0913851669089876,731.927018997943,0.78507571859051,1.14389233702346,"489","Acc_Ku_1"
490,"Acc_Ku_1",0.965825506098616,0.0916444380007681,732.202487425048,0.785908305293618,1.14574270690361,"490","Acc_Ku_1"
491,"Acc_Ku_1",0.967166984390247,0.091903808759797,732.475455085705,0.786740695859329,1.14759327292116,"491","Acc_Ku_1"
492,"Acc_Ku_1",0.968508462681877,0.0921632783446079,732.745948079925,0.787572891943676,1.14944403342008,"492","Acc_Ku_1"
493,"Acc_Ku_1",0.969849940973507,0.0924228459228649,733.013992207006,0.788404895184723,1.15129498676229,"493","Acc_Ku_1"
494,"Acc_Ku_1",0.971191419265138,0.0926825106712435,733.27961296912,0.789236707202795,1.15314613132748,"494","Acc_Ku_1"
495,"Acc_Ku_1",0.972532897556768,0.0929422717753139,733.542835574695,0.790068329600715,1.15499746551282,"495","Acc_Ku_1"
496,"Acc_Ku_1",0.973874375848399,0.0932021284294253,733.803684941886,0.790899763964026,1.15684898773277,"496","Acc_Ku_1"
497,"Acc_Ku_1",0.975215854140029,0.0934620798365918,734.06218570212,0.791731011861218,1.15870069641884,"497","Acc_Ku_1"
498,"Acc_Ku_1",0.97655733243166,0.0937221252083811,734.31836220329,0.792562074843947,1.16055259001937,"498","Acc_Ku_1"
499,"Acc_Ku_1",0.97789881072329,0.0939822637648033,734.572238513373,0.793392954447251,1.16240466699933,"499","Acc_Ku_1"
500,"Acc_Ku_1",0.97924028901492,0.0942424947342029,734.823838423499,0.794223652189767,1.16425692584007,"500","Acc_Ku_1"
0,"Acc_Ku_2",0.181535019107462,0.0453970687213776,825.820899589034,0.0924278027043132,0.270642235510611,"0","Acc_Ku_2"
1,"Acc_Ku_2",0.183469157142779,0.0452483085913283,821.858040238091,0.0946533046239375,0.27228500966162,"1","Acc_Ku_2"
2,"Acc_Ku_2",0.185403295178096,0.0450998879632853,817.8804186483,0.0968781358309407,0.273928454525251,"2","Acc_Ku_2"
3,"Acc_Ku_2",0.187337433213412,0.0449518102001231,813.888293975374,0.099102289677181,0.275572576749644,"3","Acc_Ku_2"
4,"Acc_Ku_2",0.189271571248729,0.0448040787013538,809.881932735378,0.101325759442364,0.277217383055094,"4","Acc_Ku_2"
5,"Acc_Ku_2",0.191205709284046,0.0446566969034716,805.861608830259,0.103548538333381,0.278862880234711,"5","Acc_Ku_2"
6,"Acc_Ku_2",0.193139847319363,0.0445096682802979,801.827603568895,0.10577061948364,0.280509075155085,"6","Acc_Ku_2"
7,"Acc_Ku_2",0.19507398535468,0.0443629963433263,797.780205683719,0.107991995952409,0.28215597475695,"7","Acc_Ku_2"
8,"Acc_Ku_2",0.197008123389996,0.0442166846420671,793.719711342746,0.110212660724152,0.283803586055841,"8","Acc_Ku_2"
9,"Acc_Ku_2",0.198942261425313,0.0440707367643911,789.646424157154,0.112432606707868,0.285451916142758,"9","Acc_Ku_2"
10,"Acc_Ku_2",0.20087639946063,0.0439251563368726,785.560655183636,0.11465182673644,0.28710097218482,"10","Acc_Ku_2"
11,"Acc_Ku_2",0.202810537495947,0.0437799470251318,781.462722922116,0.116870313565975,0.288750761425918,"11","Acc_Ku_2"
12,"Acc_Ku_2",0.204744675531263,0.043635112534176,777.352953308294,0.119088059875157,0.29040129118737,"12","Acc_Ku_2"
13,"Acc_Ku_2",0.20667881356658,0.0434906566087391,773.231679701002,0.121305058264598,0.292052568868563,"13","Acc_Ku_2"
14,"Acc_Ku_2",0.208612951601897,0.0433465830336202,769.099242864263,0.123521301256192,0.293704601947602,"14","Acc_Ku_2"
15,"Acc_Ku_2",0.210547089637214,0.0432028956340197,764.955990943768,0.125736781292483,0.295357397981944,"15","Acc_Ku_2"
16,"Acc_Ku_2",0.212481227672531,0.0430595982758742,760.802279438292,0.127951490736024,0.297010964609037,"16","Acc_Ku_2"
17,"Acc_Ku_2",0.214415365707847,0.0429166948661887,756.638471164864,0.13016542186875,0.298665309546945,"17","Acc_Ku_2"
18,"Acc_Ku_2",0.216349503743164,0.0427741893533663,752.464936218646,0.132378566891357,0.300320440594972,"18","Acc_Ku_2"
19,"Acc_Ku_2",0.218283641778481,0.0426320857275353,748.282051926963,0.134590917922684,0.301976365634278,"19","Acc_Ku_2"
20,"Acc_Ku_2",0.220217779813798,0.0424903880208738,744.09020279709,0.136802466999106,0.30363309262849,"20","Acc_Ku_2"
21,"Acc_Ku_2",0.222151917849114,0.0423491003079299,739.889780458388,0.139013206073927,0.305290629624302,"21","Acc_Ku_2"
22,"Acc_Ku_2",0.224086055884431,0.0422082267059399,735.681183598322,0.141223127016793,0.306948984752069,"22","Acc_Ku_2"
23,"Acc_Ku_2",0.226020193919748,0.0420677713751409,731.464817892147,0.143432221613102,0.308608166226394,"23","Acc_Ku_2"
24,"Acc_Ku_2",0.227954331955065,0.0419277385190811,727.241095926599,0.145640481563431,0.310268182346698,"24","Acc_Ku_2"
25,"Acc_Ku_2",0.229888469990382,0.0417881323849242,723.010437117214,0.14784789848297,0.311929041497793,"25","Acc_Ku_2"
26,"Acc_Ku_2",0.231822608025698,0.04164895726375,718.77326761933,0.150054463900966,0.313590752150431,"26","Acc_Ku_2"
27,"Acc_Ku_2",0.233756746061015,0.0415102174908492,714.530020232773,0.152260169260182,0.315253322861848,"27","Acc_Ku_2"
28,"Acc_Ku_2",0.235690884096332,0.0413719174460133,710.281134300379,0.154465005916364,0.3169167622763,"28","Acc_Ku_2"
29,"Acc_Ku_2",0.237625022131649,0.0412340615538183,706.027055599552,0.156668965137724,0.318581079125574,"29","Acc_Ku_2"
30,"Acc_Ku_2",0.239559160166965,0.0410966542839027,701.768236227987,0.158872038104433,0.320246282229498,"30","Acc_Ku_2"
31,"Acc_Ku_2",0.241493298202282,0.0409597001512384,697.505134482632,0.161074215908132,0.321912380496432,"31","Acc_Ku_2"
32,"Acc_Ku_2",0.243427436237599,0.0408232037163953,693.238214732289,0.163275489551459,0.323579382923739,"32","Acc_Ku_2"
33,"Acc_Ku_2",0.245361574272916,0.0406871695857978,688.967947283912,0.165475849947585,0.325247298598246,"33","Acc_Ku_2"
34,"Acc_Ku_2",0.247295712308232,0.0405516024119742,684.694808242295,0.167675287919775,0.32691613669669,"34","Acc_Ku_2"
35,"Acc_Ku_2",0.249229850343549,0.0404165068937977,680.419279363576,0.169873794200963,0.328585906486136,"35","Acc_Ku_2"
36,"Acc_Ku_2",0.251163988378866,0.0402818877767189,676.141847902354,0.172071359433344,0.330256617324388,"36","Acc_Ku_2"
37,"Acc_Ku_2",0.253098126414183,0.0401477498529886,671.86300645241,0.174267974167991,0.331928278660375,"37","Acc_Ku_2"
38,"Acc_Ku_2",0.2550322644495,0.0400140979618725,667.58325278153,0.176463628864485,0.333600900034514,"38","Acc_Ku_2"
39,"Acc_Ku_2",0.256966402484816,0.0398809369898541,663.303089659796,0.178658313890574,0.335274491079059,"39","Acc_Ku_2"
40,"Acc_Ku_2",0.258900540520133,0.0397482718708286,659.023024682125,0.180852019521849,0.336949061518417,"40","Acc_Ku_2"
41,"Acc_Ku_2",0.26083467855545,0.0396161075862849,654.743570084709,0.183044735941446,0.338624621169454,"41","Acc_Ku_2"
42,"Acc_Ku_2",0.262768816590767,0.0394844491654766,650.465242555448,0.185236453239771,0.340301179941763,"42","Acc_Ku_2"
43,"Acc_Ku_2",0.264702954626084,0.0393533016855805,646.188563039074,0.187427161414252,0.341978747837915,"43","Acc_Ku_2"
44,"Acc_Ku_2",0.2666370926614,0.039222670271843,641.914056536081,0.18961685036912,0.343657334953681,"44","Acc_Ku_2"
45,"Acc_Ku_2",0.268571230696717,0.0390925600977134,637.642251896648,0.191805509915208,0.345336951478226,"45","Acc_Ku_2"
46,"Acc_Ku_2",0.270505368732034,0.0389629763849626,633.373681608937,0.193993129769794,0.347017607694274,"46","Acc_Ku_2"
47,"Acc_Ku_2",0.272439506767351,0.0388339244037888,629.108881582355,0.196179699556459,0.348699313978242,"47","Acc_Ku_2"
48,"Acc_Ku_2",0.274373644802667,0.0387054094729072,624.848390925597,0.198365208804988,0.350382080800346,"48","Acc_Ku_2"
49,"Acc_Ku_2",0.276307782837984,0.0385774369596251,620.592751720365,0.200549646951298,0.352065918724671,"49","Acc_Ku_2"
50,"Acc_Ku_2",0.278241920873301,0.0384500122799003,616.342508789661,0.202733003337396,0.353750838409206,"50","Acc_Ku_2"
51,"Acc_Ku_2",0.280176058908618,0.0383231408983832,612.098209462404,0.204915267211383,0.355436850605852,"51","Acc_Ku_2"
52,"Acc_Ku_2",0.282110196943934,0.0381968283284408,607.860403333278,0.207096427727484,0.357123966160385,"52","Acc_Ku_2"
53,"Acc_Ku_2",0.284044334979251,0.0380710801321638,603.629642018939,0.209276473946118,0.358812196012384,"53","Acc_Ku_2"
54,"Acc_Ku_2",0.285978473014568,0.0379459019203536,599.406478910203,0.211455394834012,0.360501551195124,"54","Acc_Ku_2"
55,"Acc_Ku_2",0.287912611049885,0.0378212993524913,595.191468920709,0.213633179264348,0.362192042835421,"55","Acc_Ku_2"
56,"Acc_Ku_2",0.289846749085202,0.0376972781366855,590.985168232547,0.215809816016958,0.363883682153445,"56","Acc_Ku_2"
57,"Acc_Ku_2",0.291780887120518,0.0375738440295999,586.788134038523,0.217985293778556,0.36557648046248,"57","Acc_Ku_2"
58,"Acc_Ku_2",0.293715025155835,0.0374510028363592,582.600924281874,0.22015960114302,0.36727044916865,"58","Acc_Ku_2"
59,"Acc_Ku_2",0.295649163191152,0.0373287604104324,578.424097393431,0.222332726611715,0.368965599770589,"59","Acc_Ku_2"
60,"Acc_Ku_2",0.297583301226469,0.0372071226534941,574.258212026617,0.224504658593869,0.370661943859069,"60","Acc_Ku_2"
61,"Acc_Ku_2",0.299517439261785,0.0370860955152608,570.103826790463,0.226675385406989,0.372359493116582,"61","Acc_Ku_2"
62,"Acc_Ku_2",0.301451577297102,0.0369656849933036,565.961499980991,0.228844895277339,0.374058259316866,"62","Acc_Ku_2"
63,"Acc_Ku_2",0.303385715332419,0.0368458971328349,561.831789311511,0.231013176340457,0.37575825432438,"63","Acc_Ku_2"
64,"Acc_Ku_2",0.305319853367736,0.03672673802647,557.715251641521,0.233180216641738,0.377459490093733,"64","Acc_Ku_2"
65,"Acc_Ku_2",0.307253991403053,0.0366082138139608,553.612442705303,0.235346004137058,0.379161978669047,"65","Acc_Ku_2"
66,"Acc_Ku_2",0.309188129438369,0.0364903306819025,549.523916839846,0.237510526693466,0.380865732183273,"66","Acc_Ku_2"
67,"Acc_Ku_2",0.311122267473686,0.0363730948634113,545.450226713018,0.239673772089929,0.382570762857444,"67","Acc_Ku_2"
68,"Acc_Ku_2",0.313056405509003,0.0362565126377737,541.391923051681,0.241835728018133,0.384277082999872,"68","Acc_Ku_2"
69,"Acc_Ku_2",0.31499054354432,0.0361405903300648,537.34955437063,0.243996382083355,0.385984705005285,"69","Acc_Ku_2"
70,"Acc_Ku_2",0.316924681579636,0.0360253343107363,533.323666702486,0.246155721805381,0.387693641353892,"70","Acc_Ku_2"
71,"Acc_Ku_2",0.318858819614953,0.0359107509951721,529.314803328757,0.248313734619506,0.389403904610401,"71","Acc_Ku_2"
72,"Acc_Ku_2",0.32079295765027,0.0357968468432124,525.323504512534,0.250470407877587,0.391115507422953,"72","Acc_Ku_2"
73,"Acc_Ku_2",0.322727095685587,0.0356836283586431,521.350307233098,0.252625728849167,0.392828462522007,"73","Acc_Ku_2"
74,"Acc_Ku_2",0.324661233720903,0.0355711020886522,517.395744922933,0.254779684722668,0.394542782719139,"74","Acc_Ku_2"
75,"Acc_Ku_2",0.32659537175622,0.0354592746232502,513.460347207175,0.256932262606655,0.396258480905786,"75","Acc_Ku_2"
76,"Acc_Ku_2",0.328529509791537,0.0353481525946554,509.544639646132,0.259083449531165,0.397975570051909,"76","Acc_Ku_2"
77,"Acc_Ku_2",0.330463647826854,0.0352377426766417,505.649143480924,0.26123323244912,0.399694063204588,"77","Acc_Ku_2"
78,"Acc_Ku_2",0.332397785862171,0.0351280515838495,501.774375382935,0.263381598237803,0.401413973486538,"78","Acc_Ku_2"
79,"Acc_Ku_2",0.334331923897487,0.0350190860710581,497.920847206931,0.265528533700421,0.403135314094553,"79","Acc_Ku_2"
80,"Acc_Ku_2",0.336266061932804,0.0349108529324186,494.089065748583,0.267674025567734,0.404858098297875,"80","Acc_Ku_2"
81,"Acc_Ku_2",0.338200199968121,0.0348033590006475,490.279532506396,0.26981806049977,0.406582339436472,"81","Acc_Ku_2"
82,"Acc_Ku_2",0.340134338003438,0.034696611146179,486.492743448702,0.271960625087622,0.408308050919253,"82","Acc_Ku_2"
83,"Acc_Ku_2",0.342068476038755,0.0345906162762757,482.729188785497,0.274101705855318,0.410035246222191,"83","Acc_Ku_2"
84,"Acc_Ku_2",0.344002614074071,0.034485381334098,478.989352745941,0.276241289261781,0.411763938886361,"84","Acc_Ku_2"
85,"Acc_Ku_2",0.345936752109388,0.0343809132977291,475.273713361532,0.278379361702872,0.413494142515904,"85","Acc_Ku_2"
86,"Acc_Ku_2",0.347870890144705,0.0342772191791572,471.582742255178,0.280515909513515,0.415225870775895,"86","Acc_Ku_2"
87,"Acc_Ku_2",0.349805028180022,0.0341743060232129,467.916904436652,0.282650918969908,0.416959137390135,"87","Acc_Ku_2"
88,"Acc_Ku_2",0.351739166215338,0.0340721809064614,464.27665810452,0.28478437629183,0.418693956138847,"88","Acc_Ku_2"
89,"Acc_Ku_2",0.353673304250655,0.033970850936049,460.662454454781,0.286916267645023,0.420430340856287,"89","Acc_Ku_2"
90,"Acc_Ku_2",0.355607442285972,0.0338703232485032,457.074737496588,0.289046579143678,0.422168305428266,"90","Acc_Ku_2"
91,"Acc_Ku_2",0.357541580321289,0.0337706050084854,453.513943875094,0.291175296852998,0.42390786378958,"91","Acc_Ku_2"
92,"Acc_Ku_2",0.359475718356605,0.0336717034074961,449.980502701859,0.29330240679186,0.425649029921351,"92","Acc_Ku_2"
93,"Acc_Ku_2",0.361409856391922,0.0335736256625321,446.474835392758,0.295427894935572,0.427391817848273,"93","Acc_Ku_2"
94,"Acc_Ku_2",0.363343994427239,0.0334763790146946,442.997355513785,0.297551747218711,0.429136241635767,"94","Acc_Ku_2"
95,"Acc_Ku_2",0.365278132462556,0.0333799707277485,439.548468634804,0.299673949538067,0.430882315387044,"95","Acc_Ku_2"
96,"Acc_Ku_2",0.367212270497873,0.0332844080866314,436.12857219149,0.301794487755676,0.43263005324007,"96","Acc_Ku_2"
97,"Acc_Ku_2",0.369146408533189,0.0331896983959132,432.738055355561,0.303913347701941,0.434379469364438,"97","Acc_Ku_2"
98,"Acc_Ku_2",0.371080546568506,0.0330958489782051,429.377298913397,0.306030515178861,0.436130577958152,"98","Acc_Ku_2"
99,"Acc_Ku_2",0.373014684603823,0.0330028671725176,426.046675153205,0.308145975963343,0.437883393244303,"99","Acc_Ku_2"
100,"Acc_Ku_2",0.37494882263914,0.0329107603325679,422.746547760958,0.310259715810616,0.439637929467663,"100","Acc_Ku_2"
101,"Acc_Ku_2",0.376882960674456,0.0328195358250359,419.477271724849,0.312371720457736,0.441394200891176,"101","Acc_Ku_2"
102,"Acc_Ku_2",0.378817098709773,0.0327292010277689,416.239193248761,0.31448197562719,0.443152221792356,"102","Acc_Ku_2"
103,"Acc_Ku_2",0.38075123674509,0.0326397633279349,413.032649674478,0.316590467030591,0.44491200645959,"103","Acc_Ku_2"
104,"Acc_Ku_2",0.382685374780407,0.0325512301201246,409.857969412796,0.318697180372467,0.446673569188347,"104","Acc_Ku_2"
105,"Acc_Ku_2",0.384619512815724,0.0324636088044016,406.715471883717,0.320802101354152,0.448436924277295,"105","Acc_Ku_2"
106,"Acc_Ku_2",0.38655365085104,0.0323769067843013,403.605467465352,0.322905215677761,0.45020208602432,"106","Acc_Ku_2"
107,"Acc_Ku_2",0.388487788886357,0.0322911314647792,400.528257452027,0.325006509050259,0.451969068722455,"107","Acc_Ku_2"
108,"Acc_Ku_2",0.390421926921674,0.0322062902501076,397.484134021081,0.327105967187628,0.45373788665572,"108","Acc_Ku_2"
109,"Acc_Ku_2",0.392356064956991,0.0321223905417219,394.473380208692,0.329203575819119,0.455508554094862,"109","Acc_Ku_2"
110,"Acc_Ku_2",0.394290202992307,0.0320394397360166,391.496269894482,0.331299320691596,0.457281085293019,"110","Acc_Ku_2"
111,"Acc_Ku_2",0.396224341027624,0.0319574452220915,388.553067794973,0.333393187573967,0.459055494481281,"111","Acc_Ku_2"
112,"Acc_Ku_2",0.398158479062941,0.0318764143794486,385.64402946565,0.335485162261704,0.460831795864178,"112","Acc_Ku_2"
113,"Acc_Ku_2",0.400092617098258,0.0317963545756407,382.769401311706,0.337575230581445,0.462610003615071,"113","Acc_Ku_2"
114,"Acc_Ku_2",0.402026755133574,0.0317172731638711,379.929420607189,0.339663378395683,0.464390131871466,"114","Acc_Ku_2"
115,"Acc_Ku_2",0.403960893168891,0.0316391774805474,377.124315522702,0.341749591607534,0.466172194730248,"115","Acc_Ku_2"
116,"Acc_Ku_2",0.405895031204208,0.0315620748427879,374.354305161134,0.343833856165588,0.467956206242828,"116","Acc_Ku_2"
117,"Acc_Ku_2",0.407829169239525,0.0314859725458832,371.619599601724,0.345916158068828,0.469742180410221,"117","Acc_Ku_2"
118,"Acc_Ku_2",0.409763307274842,0.0314108778607138,368.920399951862,0.347996483371639,0.471530131178045,"118","Acc_Ku_2"
119,"Acc_Ku_2",0.411697445310158,0.031336798031124,366.256898406772,0.350074818188871,0.473320072431446,"119","Acc_Ku_2"
120,"Acc_Ku_2",0.413631583345475,0.0312637402712542,363.629278316828,0.352151148700987,0.475112017989964,"120","Acc_Ku_2"
121,"Acc_Ku_2",0.415565721380792,0.0311917117628326,361.037714262111,0.354225461159268,0.476905981602316,"121","Acc_Ku_2"
122,"Acc_Ku_2",0.417499859416109,0.031120719652428,358.482372134322,0.356297741891086,0.478701976941131,"122","Acc_Ku_2"
123,"Acc_Ku_2",0.419433997451426,0.0310507710486651,355.963409225617,0.358367977305233,0.480500017597618,"123","Acc_Ku_2"
124,"Acc_Ku_2",0.421368135486742,0.0309818730194031,353.480974324133,0.360436153897306,0.482300117076179,"124","Acc_Ku_2"
125,"Acc_Ku_2",0.423302273522059,0.0309140325888815,351.035207816124,0.362502258255154,0.484102288788964,"125","Acc_Ku_2"
126,"Acc_Ku_2",0.425236411557376,0.030847256734832,348.626241794348,0.364566277064362,0.48590654605039,"126","Acc_Ku_2"
127,"Acc_Ku_2",0.427170549592693,0.0307815523855613,346.25420017247,0.366628197113785,0.487712902071601,"127","Acc_Ku_2"
128,"Acc_Ku_2",0.429104687628009,0.0307169264170046,343.919198805265,0.368688005301126,0.489521369954893,"128","Acc_Ku_2"
129,"Acc_Ku_2",0.431038825663326,0.0306533856497533,341.621345614271,0.370745688638546,0.491331962688106,"129","Acc_Ku_2"
130,"Acc_Ku_2",0.432972963698643,0.0305909368460584,339.360740718804,0.37280123425831,0.493144693138976,"130","Acc_Ku_2"
131,"Acc_Ku_2",0.43490710173396,0.0305295867068123,337.137476571783,0.374854629418454,0.494959574049466,"131","Acc_Ku_2"
132,"Acc_Ku_2",0.436841239769276,0.0304693418685112,334.951638100354,0.376905861508484,0.496776618030069,"132","Acc_Ku_2"
133,"Acc_Ku_2",0.438775377804593,0.0304102089002009,332.803302850876,0.378954918055087,0.498595837554099,"133","Acc_Ku_2"
134,"Acc_Ku_2",0.44070951583991,0.0303521943004078,330.692541138003,0.381001786727857,0.500417244951963,"134","Acc_Ku_2"
135,"Acc_Ku_2",0.442643653875227,0.0302953044940592,328.619416197623,0.383046455345026,0.502240852405428,"135","Acc_Ku_2"
136,"Acc_Ku_2",0.444577791910544,0.0302395458293941,326.583984343256,0.3850889118792,0.504066671941887,"136","Acc_Ku_2"
137,"Acc_Ku_2",0.44651192994586,0.0301849245748683,324.58629512577,0.387129144463097,0.505894715428624,"137","Acc_Ku_2"
138,"Acc_Ku_2",0.448446067981177,0.030131446916057,322.626391495934,0.389167141395263,0.507724994567091,"138","Acc_Ku_2"
139,"Acc_Ku_2",0.450380206016494,0.0300791189525564,320.704309969669,0.391202891145791,0.509557520887197,"139","Acc_Ku_2"
140,"Acc_Ku_2",0.452314344051811,0.0300279466948893,318.820080795633,0.393236382362004,0.511392305741618,"140","Acc_Ku_2"
141,"Acc_Ku_2",0.454248482087127,0.0299779360614169,316.973728124794,0.395267603874126,0.513229360300129,"141","Acc_Ku_2"
142,"Acc_Ku_2",0.456182620122444,0.0299290928752592,315.16527018177,0.397296544700916,0.515068695543973,"142","Acc_Ku_2"
143,"Acc_Ku_2",0.458116758157761,0.0298814228612291,313.394719437627,0.399323194055259,0.516910322260263,"143","Acc_Ku_2"
144,"Acc_Ku_2",0.460050896193078,0.0298349316427822,311.66208278379,0.401347541349729,0.518754251036427,"144","Acc_Ku_2"
145,"Acc_Ku_2",0.461985034228395,0.0297896247389857,309.967361706865,0.403369576202084,0.520600492254705,"145","Acc_Ku_2"
146,"Acc_Ku_2",0.463919172263711,0.0297455075615109,308.310552463976,0.40538928844072,0.522449056086703,"146","Acc_Ku_2"
147,"Acc_Ku_2",0.465853310299028,0.0297025854116509,306.691646258422,0.40740666811006,0.524299952487997,"147","Acc_Ku_2"
148,"Acc_Ku_2",0.467787448334345,0.0296608634773692,305.110629415304,0.409421705475869,0.526153191192821,"148","Acc_Ku_2"
149,"Acc_Ku_2",0.469721586369662,0.0296203468303809,303.567483556957,0.411434391030506,0.528008781708817,"149","Acc_Ku_2"
150,"Acc_Ku_2",0.471655724404978,0.0295810404232709,302.062185777728,0.413444715498088,0.529866733311869,"150","Acc_Ku_2"
151,"Acc_Ku_2",0.473589862440295,0.0295429490866521,300.594708818062,0.415452669839571,0.53172705504102,"151","Acc_Ku_2"
152,"Acc_Ku_2",0.475524000475612,0.0295060775263684,299.165021237437,0.41745824525774,0.533589755693484,"152","Acc_Ku_2"
153,"Acc_Ku_2",0.477458138510929,0.0294704303207436,297.773087585988,0.4194614332021,0.535454843819757,"153","Acc_Ku_2"
154,"Acc_Ku_2",0.479392276546246,0.029436011917883,296.418868574637,0.421462225373666,0.537322327718825,"154","Acc_Ku_2"
155,"Acc_Ku_2",0.481326414581562,0.0294028266330281,295.102321243268,0.423460613729638,0.539192215433487,"155","Acc_Ku_2"
156,"Acc_Ku_2",0.483260552616879,0.0293708786459694,293.823399127014,0.425456590487964,0.541064514745794,"156","Acc_Ku_2"
157,"Acc_Ku_2",0.485194690652196,0.0293401719985215,292.582052420137,0.427450148131786,0.542939233172606,"157","Acc_Ku_2"
158,"Acc_Ku_2",0.487128828687513,0.0293107105920617,291.378228137524,0.429441279413749,0.544816377961276,"158","Acc_Ku_2"
159,"Acc_Ku_2",0.489062966722829,0.0292824981851373,290.21187027339,0.431429977360189,0.54669595608547,"159","Acc_Ku_2"
160,"Acc_Ku_2",0.490997104758146,0.0292555383911448,289.082919957136,0.433416235275175,0.548577974241117,"160","Acc_Ku_2"
161,"Acc_Ku_2",0.492931242793463,0.0292298346760828,287.991315606107,0.435400046744416,0.55046243884251,"161","Acc_Ku_2"
162,"Acc_Ku_2",0.49486538082878,0.0292053903563832,286.936993074986,0.437381405639012,0.552349356018548,"162","Acc_Ku_2"
163,"Acc_Ku_2",0.496799518864097,0.0291822085968234,285.919885801811,0.43936030611906,0.554238731609134,"163","Acc_Ku_2"
164,"Acc_Ku_2",0.498733656899413,0.0291602924085221,284.939924950304,0.441336742637096,0.55613057116173,"164","Acc_Ku_2"
165,"Acc_Ku_2",0.50066779493473,0.0291396446470219,283.997039548445,0.443310709941386,0.558024879928075,"165","Acc_Ku_2"
166,"Acc_Ku_2",0.502601932970047,0.0291202680104617,283.091156623041,0.445282203079033,0.55992166286106,"166","Acc_Ku_2"
167,"Acc_Ku_2",0.504536071005364,0.0291021650378409,282.222201330266,0.447251217398937,0.56182092461179,"167","Acc_Ku_2"
168,"Acc_Ku_2",0.50647020904068,0.0290853381073789,281.390097081924,0.449217748554558,0.563722669526803,"168","Acc_Ku_2"
169,"Acc_Ku_2",0.508404347075997,0.0290697894349713,280.594765667421,0.451181792506518,0.565626901645476,"169","Acc_Ku_2"
170,"Acc_Ku_2",0.510338485111314,0.0290555210727462,279.836127371232,0.453143345525015,0.567533624697613,"170","Acc_Ku_2"
171,"Acc_Ku_2",0.512272623146631,0.0290425349077216,279.114101085836,0.455102404192053,0.569442842101209,"171","Acc_Ku_2"
172,"Acc_Ku_2",0.514206761181948,0.0290308326605674,278.428604419944,0.457058965403483,0.571354556960412,"172","Acc_Ku_2"
173,"Acc_Ku_2",0.516140899217264,0.0290204158844719,277.779553802032,0.45901302637086,0.573268772063668,"173","Acc_Ku_2"
174,"Acc_Ku_2",0.518075037252581,0.0290112859641167,277.16686457903,0.460964584623103,0.575185489882059,"174","Acc_Ku_2"
175,"Acc_Ku_2",0.520009175287898,0.02900344411476,276.590451110082,0.462913638007959,0.577104712567837,"175","Acc_Ku_2"
176,"Acc_Ku_2",0.521943313323215,0.0289968913814302,276.050226855417,0.464860184693274,0.579026441953156,"176","Acc_Ku_2"
177,"Acc_Ku_2",0.523877451358531,0.0289916286382315,275.546104460172,0.466804223168065,0.580950679548998,"177","Acc_Ku_2"
178,"Acc_Ku_2",0.525811589393848,0.0289876565877614,275.077995833174,0.468745752243391,0.582877426544305,"178","Acc_Ku_2"
179,"Acc_Ku_2",0.527745727429165,0.028984975760643,274.645812220678,0.470684771053028,0.584806683805302,"179","Acc_Ku_2"
180,"Acc_Ku_2",0.529679865464482,0.0289835865151698,274.24946427499,0.472621279053932,0.586738451875031,"180","Acc_Ku_2"
181,"Acc_Ku_2",0.531614003499798,0.0289834890370676,273.888862117953,0.474555276026515,0.588672730973082,"181","Acc_Ku_2"
182,"Acc_Ku_2",0.533548141535115,0.0289846833393691,273.563915399359,0.476486762074706,0.590609520995525,"182","Acc_Ku_2"
183,"Acc_Ku_2",0.535482279570432,0.0289871692624063,273.274533350233,0.478415737625817,0.592548821515047,"183","Acc_Ku_2"
184,"Acc_Ku_2",0.537416417605749,0.0289909464739164,273.020624830997,0.480342203430205,0.594490631781293,"184","Acc_Ku_2"
185,"Acc_Ku_2",0.539350555641066,0.0289960144692644,272.802098374561,0.482266160560732,0.596434950721399,"185","Acc_Ku_2"
186,"Acc_Ku_2",0.541284693676382,0.0290023725717792,272.618862224356,0.48418761041203,0.598381776940735,"186","Acc_Ku_2"
187,"Acc_Ku_2",0.543218831711699,0.0290100199332059,272.470824367351,0.486106554699556,0.600331108723843,"187","Acc_Ku_2"
188,"Acc_Ku_2",0.545152969747016,0.0290189555342696,272.357892562089,0.488022995458462,0.60228294403557,"188","Acc_Ku_2"
189,"Acc_Ku_2",0.547087107782333,0.0290291781853541,272.279974361787,0.489936935042261,0.604237280522404,"189","Acc_Ku_2"
190,"Acc_Ku_2",0.54902124581765,0.0290406865272907,272.236977132567,0.491848376121303,0.606194115513996,"190","Acc_Ku_2"
191,"Acc_Ku_2",0.550955383852966,0.0290534790322586,272.228808066881,0.493757321681054,0.608153446024878,"191","Acc_Ku_2"
192,"Acc_Ku_2",0.552889521888283,0.0290675540047942,272.255374192211,0.495663775020195,0.610115268756371,"192","Acc_Ku_2"
193,"Acc_Ku_2",0.5548236599236,0.0290829095829074,272.316582375075,0.497567739748523,0.612079580098677,"193","Acc_Ku_2"
194,"Acc_Ku_2",0.556757797958917,0.0290995437393048,272.412339320522,0.499469219784679,0.614046376133154,"194","Acc_Ku_2"
195,"Acc_Ku_2",0.558691935994233,0.0291174542827161,272.542551567086,0.501368219353689,0.616015652634778,"195","Acc_Ku_2"
196,"Acc_Ku_2",0.56062607402955,0.0291366388593231,272.707125477336,0.503264742984333,0.617987405074767,"196","Acc_Ku_2"
197,"Acc_Ku_2",0.562560212064867,0.0291570949542881,272.905967224285,0.505158795506334,0.6199616286234,"197","Acc_Ku_2"
198,"Acc_Ku_2",0.564494350100184,0.0291788198933805,273.138982773397,0.507050382047385,0.621938318152982,"198","Acc_Ku_2"
199,"Acc_Ku_2",0.5664284881355,0.0292018108446977,273.406077860713,0.508939508030008,0.623917468240993,"199","Acc_Ku_2"
200,"Acc_Ku_2",0.568362626170817,0.0292260648204797,273.707157966976,0.510826179168249,0.625899073173386,"200","Acc_Ku_2"
201,"Acc_Ku_2",0.570296764206134,0.0292515786790125,274.042128287887,0.512710401464222,0.627883126948046,"201","Acc_Ku_2"
202,"Acc_Ku_2",0.572230902241451,0.0292783491266198,274.410893700733,0.514592181204496,0.629869623278405,"202","Acc_Ku_2"
203,"Acc_Ku_2",0.574165040276768,0.0293063727197384,274.813358727392,0.51647152495634,0.631858555597195,"203","Acc_Ku_2"
204,"Acc_Ku_2",0.576099178312084,0.0293356458670748,275.249427493971,0.518348439563818,0.633849917060351,"204","Acc_Ku_2"
205,"Acc_Ku_2",0.578033316347401,0.0293661648318404,275.7190036871,0.520222932143756,0.635843700551046,"205","Acc_Ku_2"
206,"Acc_Ku_2",0.579967454382718,0.029397925734062,276.221990507102,0.522095010081571,0.637839898683865,"206","Acc_Ku_2"
207,"Acc_Ku_2",0.581901592418035,0.0294309245529635,276.758290618155,0.523964681026974,0.639838503809095,"207","Acc_Ku_2"
208,"Acc_Ku_2",0.583835730453351,0.0294651571294172,277.327806095641,0.525831952889555,0.641839508017148,"208","Acc_Ku_2"
209,"Acc_Ku_2",0.585769868488668,0.0295006191684592,277.93043837071,0.527696833834247,0.643842903143089,"209","Acc_Ku_2"
210,"Acc_Ku_2",0.587704006523985,0.0295373062418679,278.566088172406,0.529559332276686,0.645848680771284,"210","Acc_Ku_2"
211,"Acc_Ku_2",0.589638144559302,0.0295752137907998,279.234655467319,0.53141945687846,0.647856832240144,"211","Acc_Ku_2"
212,"Acc_Ku_2",0.591572282594618,0.0296143371284813,279.93603939704,0.533277216542264,0.649867348646973,"212","Acc_Ku_2"
213,"Acc_Ku_2",0.593506420629935,0.0296546714429511,280.670138213579,0.535132620406963,0.651880220852908,"213","Acc_Ku_2"
214,"Acc_Ku_2",0.595440558665252,0.0296962117998512,281.43684921279,0.53698567784256,0.653895439487944,"214","Acc_Ku_2"
215,"Acc_Ku_2",0.597374696700569,0.0297389531452617,282.236068666167,0.538836398445094,0.655912994956044,"215","Acc_Ku_2"
216,"Acc_Ku_2",0.599308834735886,0.0297828903085769,283.067691750939,0.540684792031452,0.65793287744032,"216","Acc_Ku_2"
217,"Acc_Ku_2",0.601242972771202,0.0298280180054186,283.931612478863,0.542530868634119,0.659955076908286,"217","Acc_Ku_2"
218,"Acc_Ku_2",0.603177110806519,0.0298743308405836,284.827723623684,0.544374638495861,0.661979583117177,"218","Acc_Ku_2"
219,"Acc_Ku_2",0.605111248841836,0.0299218233110201,285.755916647535,0.54621611206435,0.664006385619322,"219","Acc_Ku_2"
220,"Acc_Ku_2",0.607045386877153,0.0299704898088332,286.716081626458,0.548055299986737,0.666035473767568,"220","Acc_Ku_2"
221,"Acc_Ku_2",0.60897952491247,0.0300203246243117,287.70810717511,0.549892213104184,0.668066836720756,"221","Acc_Ku_2"
222,"Acc_Ku_2",0.610913662947786,0.0300713219489755,288.731880370917,0.551726862446343,0.67010046344923,"222","Acc_Ku_2"
223,"Acc_Ku_2",0.612847800983103,0.0301234758786403,289.787286677808,0.553559259225817,0.672136342740389,"223","Acc_Ku_2"
224,"Acc_Ku_2",0.61478193901842,0.0301767804164943,290.874209869675,0.555389414832579,0.67417446320426,"224","Acc_Ku_2"
225,"Acc_Ku_2",0.616716077053737,0.0302312294761859,291.992531953701,0.557217340828372,0.676214813279101,"225","Acc_Ku_2"
226,"Acc_Ku_2",0.618650215089053,0.0302868168849173,293.142133093849,0.559043048941091,0.678257381237016,"226","Acc_Ku_2"
227,"Acc_Ku_2",0.62058435312437,0.0303435363865423,294.322891534452,0.560866551059155,0.680302155189586,"227","Acc_Ku_2"
228,"Acc_Ku_2",0.622518491159687,0.0304013816446642,295.534683524248,0.562687859225864,0.68234912309351,"228","Acc_Ku_2"
229,"Acc_Ku_2",0.624452629195004,0.0304603462457314,296.777383240974,0.564506985633764,0.684398272756243,"229","Acc_Ku_2"
230,"Acc_Ku_2",0.62638676723032,0.0305204237021271,298.050862716552,0.56632394261901,0.686449591841631,"230","Acc_Ku_2"
231,"Acc_Ku_2",0.628320905265637,0.0305816074552514,299.354991763209,0.568138742655732,0.688503067875542,"231","Acc_Ku_2"
232,"Acc_Ku_2",0.630255043300954,0.0306438908785915,300.689637900496,0.569951398350427,0.690558688251482,"232","Acc_Ku_2"
233,"Acc_Ku_2",0.632189181336271,0.0307072672807782,302.05466628352,0.571761922436353,0.692616440236189,"233","Acc_Ku_2"
234,"Acc_Ku_2",0.634123319371588,0.0307717299086271,303.449939632371,0.573570327767959,0.694676310975216,"234","Acc_Ku_2"
235,"Acc_Ku_2",0.636057457406904,0.0308372719501586,304.875318162996,0.575376627315335,0.696738287498474,"235","Acc_Ku_2"
236,"Acc_Ku_2",0.637991595442221,0.0309038865375989,306.330659519593,0.577180834158692,0.69880235672575,"236","Acc_Ku_2"
237,"Acc_Ku_2",0.639925733477538,0.0309715667503558,307.81581870871,0.578982961482884,0.700868505472192,"237","Acc_Ku_2"
238,"Acc_Ku_2",0.641859871512855,0.0310403056179687,309.330648035128,0.580783022571958,0.702936720453751,"238","Acc_Ku_2"
239,"Acc_Ku_2",0.643794009548171,0.0311100961230316,310.874997039648,0.582581030803763,0.70500698829258,"239","Acc_Ku_2"
240,"Acc_Ku_2",0.645728147583488,0.0311809312040843,312.448712438951,0.584376999644593,0.707079295522384,"240","Acc_Ku_2"
241,"Acc_Ku_2",0.647662285618805,0.0312528037584728,314.051638067608,0.586170942643883,0.709153628593727,"241","Acc_Ku_2"
242,"Acc_Ku_2",0.649596423654122,0.0313257066451755,315.683614822367,0.587962873428969,0.711229973879274,"242","Acc_Ku_2"
243,"Acc_Ku_2",0.651530561689439,0.0313996326875932,317.34448060878,0.589752805699891,0.713308317678987,"243","Acc_Ku_2"
244,"Acc_Ku_2",0.653464699724755,0.0314745746763028,319.034070290383,0.591540753224265,0.715388646225245,"244","Acc_Ku_2"
245,"Acc_Ku_2",0.655398837760072,0.0315505253717709,320.752215640377,0.593326729832223,0.717470945687922,"245","Acc_Ku_2"
246,"Acc_Ku_2",0.657332975795389,0.0316274775070279,322.498745295989,0.595110749411405,0.719555202179373,"246","Acc_Ku_2"
247,"Acc_Ku_2",0.659267113830706,0.0317054237903006,324.273484715631,0.596892825902035,0.721641401759377,"247","Acc_Ku_2"
248,"Acc_Ku_2",0.661201251866023,0.0317843569076011,326.076256138893,0.598672973292061,0.723729530439984,"248","Acc_Ku_2"
249,"Acc_Ku_2",0.663135389901339,0.031864269525272,327.906878549352,0.600451205612369,0.725819574190309,"249","Acc_Ku_2"
250,"Acc_Ku_2",0.665069527936656,0.031945154292487,329.765167640492,0.602227536932076,0.727911518941236,"250","Acc_Ku_2"
251,"Acc_Ku_2",0.667003665971973,0.0320270038437039,331.650935784646,0.6040019813539,0.730005350590045,"251","Acc_Ku_2"
252,"Acc_Ku_2",0.66893780400729,0.0321098108010721,333.563992004953,0.605774553009607,0.732101055004972,"252","Acc_Ku_2"
253,"Acc_Ku_2",0.670871942042606,0.0321935677767917,335.504141950642,0.607545266055546,0.734198618029667,"253","Acc_Ku_2"
254,"Acc_Ku_2",0.672806080077923,0.0322782673754234,337.471187875403,0.609314134668262,0.736298025487584,"254","Acc_Ku_2"
255,"Acc_Ku_2",0.67474021811324,0.03236390219615,339.464928619124,0.611081173040197,0.738399263186283,"255","Acc_Ku_2"
256,"Acc_Ku_2",0.676674356148557,0.0324504648349883,341.485159592845,0.612846395375474,0.740502316921639,"256","Acc_Ku_2"
257,"Acc_Ku_2",0.678608494183873,0.0325379478869498,343.531672767124,0.614609815885773,0.742607172481974,"257","Acc_Ku_2"
258,"Acc_Ku_2",0.68054263221919,0.0326263439481521,345.604256663708,0.616371448786291,0.744713815652089,"258","Acc_Ku_2"
259,"Acc_Ku_2",0.682476770254507,0.032715645617878,347.702696350736,0.618131308291793,0.746822232217221,"259","Acc_Ku_2"
260,"Acc_Ku_2",0.684410908289824,0.032805845500585,349.826773441071,0.619889408612751,0.748932407966897,"260","Acc_Ku_2"
261,"Acc_Ku_2",0.68634504632514,0.0328969362078617,351.976266094384,0.621645763951578,0.751044328698703,"261","Acc_Ku_2"
262,"Acc_Ku_2",0.688279184360457,0.0329889103603347,354.150949022472,0.623400388498951,0.753157980221963,"262","Acc_Ku_2"
263,"Acc_Ku_2",0.690213322395774,0.0330817605895225,356.35059349805,0.625153296430221,0.755273348361327,"263","Acc_Ku_2"
264,"Acc_Ku_2",0.692147460431091,0.0331754795396384,358.574967366972,0.62690450190192,0.757390418960262,"264","Acc_Ku_2"
265,"Acc_Ku_2",0.694081598466408,0.0332700598693429,360.823835063901,0.62865401904836,0.759509177884455,"265","Acc_Ku_2"
266,"Acc_Ku_2",0.696015736501724,0.0333654942534433,363.096957631368,0.630401861978322,0.761629611025127,"266","Acc_Ku_2"
267,"Acc_Ku_2",0.697949874537041,0.0334617753845438,365.3940927422,0.632148044771834,0.763751704302248,"267","Acc_Ku_2"
268,"Acc_Ku_2",0.699884012572358,0.0335588959746438,367.714994725368,0.633892581477048,0.765875443667668,"268","Acc_Ku_2"
269,"Acc_Ku_2",0.701818150607675,0.0336568487566866,370.059414595088,0.635635486107202,0.768000815108148,"269","Acc_Ku_2"
270,"Acc_Ku_2",0.703752288642992,0.0337556264860569,372.427100083369,0.637376772637673,0.77012780464831,"270","Acc_Ku_2"
271,"Acc_Ku_2",0.705686426678308,0.03385522194203,374.817795675634,0.63911645500313,0.772256398353487,"271","Acc_Ku_2"
272,"Acc_Ku_2",0.707620564713625,0.0339556279291701,377.231242649778,0.64085454709476,0.774386582332491,"272","Acc_Ku_2"
273,"Acc_Ku_2",0.709554702748942,0.0340568372786812,379.667179118226,0.642591062757601,0.776518342740282,"273","Acc_Ku_2"
274,"Acc_Ku_2",0.711488840784259,0.0341588428497089,382.125340073208,0.644326015787956,0.778651665780562,"274","Acc_Ku_2"
275,"Acc_Ku_2",0.713422978819575,0.0342616375305945,384.605457435144,0.646059419930888,0.780786537708262,"275","Acc_Ku_2"
276,"Acc_Ku_2",0.715357116854892,0.0343652142400828,387.10726010395,0.647791288877819,0.782922944831965,"276","Acc_Ku_2"
277,"Acc_Ku_2",0.717291254890209,0.0344695659284816,389.630474013287,0.6495216362642,0.785060873516218,"277","Acc_Ku_2"
278,"Acc_Ku_2",0.719225392925526,0.0345746855787771,392.17482218788,0.65125047566727,0.787200310183781,"278","Acc_Ku_2"
279,"Acc_Ku_2",0.721159530960843,0.0346805662077028,394.740024803399,0.65297782060391,0.789341241317775,"279","Acc_Ku_2"
280,"Acc_Ku_2",0.723093668996159,0.0347872008667645,397.325799249239,0.654703684528563,0.791483653463756,"280","Acc_Ku_2"
281,"Acc_Ku_2",0.725027807031476,0.0348945826432212,399.93186019396,0.656428080831249,0.793627533231703,"281","Acc_Ku_2"
282,"Acc_Ku_2",0.726961945066793,0.0350027046610225,402.557919653213,0.658151022835658,0.795772867297928,"282","Acc_Ku_2"
283,"Acc_Ku_2",0.72889608310211,0.0351115600817045,405.203687060272,0.659872523797319,0.797919642406901,"283","Acc_Ku_2"
284,"Acc_Ku_2",0.730830221137426,0.0352211421052431,407.868869338925,0.661592596901852,0.800067845373001,"284","Acc_Ku_2"
285,"Acc_Ku_2",0.732764359172743,0.035331443970867,410.553170978724,0.663311255263297,0.80221746308219,"285","Acc_Ku_2"
286,"Acc_Ku_2",0.73469849720806,0.0354424589578307,413.256294112426,0.665028511922514,0.804368482493606,"286","Acc_Ku_2"
287,"Acc_Ku_2",0.736632635243377,0.0355541803861475,415.977938595637,0.666744379845667,0.806520890641086,"287","Acc_Ku_2"
288,"Acc_Ku_2",0.738566773278693,0.035666601617285,418.717802088467,0.668458871922772,0.808674674634615,"288","Acc_Ku_2"
289,"Acc_Ku_2",0.74050091131401,0.0357797160548225,421.475580139157,0.670172000966321,0.810829821661699,"289","Acc_Ku_2"
290,"Acc_Ku_2",0.742435049349327,0.0358935171450715,424.250966269516,0.671883779709978,0.812986318988676,"290","Acc_Ku_2"
291,"Acc_Ku_2",0.744369187384644,0.0360079983776599,427.043652062221,0.673594220807342,0.815144153961946,"291","Acc_Ku_2"
292,"Acc_Ku_2",0.746303325419961,0.0361231532860821,429.853327249621,0.675303336830779,0.817303314009142,"292","Acc_Ku_2"
293,"Acc_Ku_2",0.748237463455277,0.0362389754482133,432.679679804218,0.677011140270318,0.819463786640236,"293","Acc_Ku_2"
294,"Acc_Ku_2",0.750171601490594,0.0363554584867919,435.522396030566,0.678717643532617,0.821625559448571,"294","Acc_Ku_2"
295,"Acc_Ku_2",0.752105739525911,0.0364725960698671,438.381160658436,0.680422858939983,0.823788620111838,"295","Acc_Ku_2"
296,"Acc_Ku_2",0.754039877561228,0.0365903819112171,441.255656937353,0.682126798729467,0.825952956392988,"296","Acc_Ku_2"
297,"Acc_Ku_2",0.755974015596545,0.0367088097707345,444.145566732168,0.683829475052007,0.828118556141082,"297","Acc_Ku_2"
298,"Acc_Ku_2",0.757908153631861,0.0368278734547818,447.050570619707,0.685530899971636,0.830285407292087,"298","Acc_Ku_2"
299,"Acc_Ku_2",0.759842291667178,0.0369475668165183,449.970347986331,0.68723108546475,0.832453497869606,"299","Acc_Ku_2"
300,"Acc_Ku_2",0.761776429702495,0.0370678837561972,452.9045771263,0.688930043419425,0.834622815985564,"300","Acc_Ku_2"
301,"Acc_Ku_2",0.763710567737812,0.037188818221436,455.852935340916,0.690627785634796,0.836793349840827,"301","Acc_Ku_2"
302,"Acc_Ku_2",0.765644705773128,0.0373103642074596,458.815099038167,0.692324323820484,0.838965087725773,"302","Acc_Ku_2"
303,"Acc_Ku_2",0.767578843808445,0.0374325157573167,461.790743833039,0.694019669596073,0.841138018020817,"303","Acc_Ku_2"
304,"Acc_Ku_2",0.769512981843762,0.0375552669620714,464.779544648056,0.69571383449065,0.843312129196874,"304","Acc_Ku_2"
305,"Acc_Ku_2",0.771447119879079,0.0376786119609698,467.781175814239,0.697406829942373,0.845487409815785,"305","Acc_Ku_2"
306,"Acc_Ku_2",0.773381257914395,0.0378025449415833,470.795311172206,0.699098667298107,0.847663848530684,"306","Acc_Ku_2"
307,"Acc_Ku_2",0.775315395949712,0.0379270601399281,473.821624173443,0.700789357813094,0.84984143408633,"307","Acc_Ku_2"
308,"Acc_Ku_2",0.777249533985029,0.0380521518405625,476.859787981533,0.70247891265067,0.852020155319388,"308","Acc_Ku_2"
309,"Acc_Ku_2",0.779183672020346,0.0381778143766629,479.909475573219,0.704167342882027,0.854200001158664,"309","Acc_Ku_2"
310,"Acc_Ku_2",0.781117810055663,0.0383040421300787,482.970359839473,0.705854659486016,0.856380960625309,"310","Acc_Ku_2"
311,"Acc_Ku_2",0.783051948090979,0.0384308295313666,486.042113686011,0.707540873348992,0.858563022832967,"311","Acc_Ku_2"
312,"Acc_Ku_2",0.784986086126296,0.0385581710598062,489.12441013368,0.709225995264694,0.860746176987898,"312","Acc_Ku_2"
313,"Acc_Ku_2",0.786920224161613,0.0386860612433963,492.216922418252,0.71091003593417,0.862930412389056,"313","Acc_Ku_2"
314,"Acc_Ku_2",0.78885436219693,0.0388144946588325,495.31932408967,0.712593005965733,0.865115718428126,"314","Acc_Ku_2"
315,"Acc_Ku_2",0.790788500232246,0.0389434659314689,498.431289110646,0.714274915874953,0.86730208458954,"315","Acc_Ku_2"
316,"Acc_Ku_2",0.792722638267563,0.0390729697352609,501.552491954581,0.715955776084689,0.869489500450438,"316","Acc_Ku_2"
317,"Acc_Ku_2",0.79465677630288,0.039203000792694,504.682607702734,0.717635596925144,0.871677955680616,"317","Acc_Ku_2"
318,"Acc_Ku_2",0.796590914338197,0.0393335538746947,507.821312140146,0.719314388633964,0.873867440042429,"318","Acc_Ku_2"
319,"Acc_Ku_2",0.798525052373513,0.0394646238005289,510.968281851149,0.720992161356357,0.87605794339067,"319","Acc_Ku_2"
320,"Acc_Ku_2",0.80045919040883,0.0395962054376834,514.123194313412,0.722668925145246,0.878249455672415,"320","Acc_Ku_2"
321,"Acc_Ku_2",0.802393328444147,0.039728293701736,517.285727991096,0.724344689961454,0.880441966926841,"321","Acc_Ku_2"
322,"Acc_Ku_2",0.804327466479464,0.0398608835562104,520.455562426647,0.726019465673907,0.882635467285021,"322","Acc_Ku_2"
323,"Acc_Ku_2",0.806261604514781,0.0399939700124199,523.632378331477,0.727693262059877,0.884829946969684,"323","Acc_Ku_2"
324,"Acc_Ku_2",0.808195742550097,0.040127548129298,526.815857675343,0.729366088805234,0.887025396294961,"324","Acc_Ku_2"
325,"Acc_Ku_2",0.810129880585414,0.0402616130132177,530.005683774271,0.731037955504735,0.889221805666093,"325","Acc_Ku_2"
326,"Acc_Ku_2",0.812064018620731,0.0403961598178007,533.201541376967,0.732708871662332,0.89141916557913,"326","Acc_Ku_2"
327,"Acc_Ku_2",0.813998156656048,0.0405311837437138,536.403116750021,0.734378846691499,0.893617466620597,"327","Acc_Ku_2"
328,"Acc_Ku_2",0.815932294691364,0.0406666800384577,539.610097761272,0.736047889915583,0.895816699467145,"328","Acc_Ku_2"
329,"Acc_Ku_2",0.817866432726681,0.0408026439961444,542.822173961702,0.737716010568181,0.898016854885182,"329","Acc_Ku_2"
330,"Acc_Ku_2",0.819800570761998,0.0409390709572665,546.039036665721,0.739383217793521,0.900217923730475,"330","Acc_Ku_2"
331,"Acc_Ku_2",0.821734708797315,0.0410759563084576,549.260379029631,0.74104952064688,0.902419896947749,"331","Acc_Ku_2"
332,"Acc_Ku_2",0.823668846832632,0.0412132954822438,552.485896128618,0.742714928095006,0.904622765570257,"332","Acc_Ku_2"
333,"Acc_Ku_2",0.825602984867948,0.0413510839567884,555.715285031567,0.744379449016561,0.906826520719336,"333","Acc_Ku_2"
334,"Acc_Ku_2",0.827537122903265,0.0414893172556285,558.948244874551,0.746043092202583,0.909031153603947,"334","Acc_Ku_2"
335,"Acc_Ku_2",0.829471260938582,0.0416279909474049,562.184476932,0.74770586635696,0.911236655520204,"335","Acc_Ku_2"
336,"Acc_Ku_2",0.831405398973899,0.0417671006455854,565.423684686443,0.749367780096916,0.913443017850881,"336","Acc_Ku_2"
337,"Acc_Ku_2",0.833339537009215,0.0419066420081818,568.665573896008,0.751028841953519,0.915650232064912,"337","Acc_Ku_2"
338,"Acc_Ku_2",0.835273675044532,0.0420466107374608,571.909852660116,0.752689060372188,0.917858289716876,"338","Acc_Ku_2"
339,"Acc_Ku_2",0.837207813079849,0.0421870025796501,575.156231483335,0.75434844371323,0.920067182446468,"339","Acc_Ku_2"
340,"Acc_Ku_2",0.839141951115166,0.0423278133246388,578.404423337049,0.75600700025237,0.922276901977962,"340","Acc_Ku_2"
341,"Acc_Ku_2",0.841076089150483,0.0424690388056727,581.654143719383,0.757664738181308,0.924487440119658,"341","Acc_Ku_2"
342,"Acc_Ku_2",0.843010227185799,0.0426106748990462,584.905110712822,0.759321665608272,0.926698788763327,"342","Acc_Ku_2"
343,"Acc_Ku_2",0.844944365221116,0.0427527175237887,588.157045040139,0.760977790558592,0.92891093988364,"343","Acc_Ku_2"
344,"Acc_Ku_2",0.846878503256433,0.0428951626413486,591.409670118086,0.762633120975278,0.931123885537588,"344","Acc_Ku_2"
345,"Acc_Ku_2",0.84881264129175,0.043038006255272,594.662712109059,0.764287664719601,0.933337617863898,"345","Acc_Ku_2"
346,"Acc_Ku_2",0.850746779327066,0.0431812444108796,597.915899970902,0.765941429571694,0.935552129082438,"346","Acc_Ku_2"
347,"Acc_Ku_2",0.852680917362383,0.0433248731949399,601.16896550432,0.767594423231148,0.937767411493619,"347","Acc_Ku_2"
348,"Acc_Ku_2",0.8546150553977,0.0434688887353393,604.421643398722,0.769246653317621,0.939983457477779,"348","Acc_Ku_2"
349,"Acc_Ku_2",0.856549193433017,0.0436132872007513,607.673671275537,0.770898127371452,0.942200259494582,"349","Acc_Ku_2"
350,"Acc_Ku_2",0.858483331468333,0.0437580648003008,610.924789729829,0.772548852854281,0.944417810082386,"350","Acc_Ku_2"
351,"Acc_Ku_2",0.86041746950365,0.043903217783229,614.174742369753,0.774198837149672,0.946636101857628,"351","Acc_Ku_2"
352,"Acc_Ku_2",0.862351607538967,0.044048742438555,617.423275854015,0.775848087563743,0.948855127514191,"352","Acc_Ku_2"
353,"Acc_Ku_2",0.864285745574284,0.044194635094736,620.670139927154,0.777496611325797,0.951074879822771,"353","Acc_Ku_2"
354,"Acc_Ku_2",0.866219883609601,0.0443408921193271,623.915087453128,0.77914441558896,0.953295351630241,"354","Acc_Ku_2"
355,"Acc_Ku_2",0.868154021644917,0.0444875099186382,627.157874446642,0.780791507430824,0.955516535859011,"355","Acc_Ku_2"
356,"Acc_Ku_2",0.870088159680234,0.044634484937392,630.398260102543,0.782437893854083,0.957738425506385,"356","Acc_Ku_2"
357,"Acc_Ku_2",0.872022297715551,0.0447818136583794,633.636006823373,0.784083581787187,0.959961013643915,"357","Acc_Ku_2"
358,"Acc_Ku_2",0.873956435750868,0.0449294926021156,636.870880244875,0.785728578084981,0.962184293416754,"358","Acc_Ku_2"
359,"Acc_Ku_2",0.875890573786185,0.0450775183264952,640.102649259559,0.78737288952936,0.964408258043009,"359","Acc_Ku_2"
360,"Acc_Ku_2",0.877824711821501,0.0452258874264471,643.331086038423,0.789016522829917,0.966632900813086,"360","Acc_Ku_2"
361,"Acc_Ku_2",0.879758849856818,0.0453745965335894,646.555966050692,0.790659484624596,0.96885821508904,"361","Acc_Ku_2"
362,"Acc_Ku_2",0.881692987892135,0.0455236423158845,649.777068082,0.792301781480344,0.971084194303926,"362","Acc_Ku_2"
363,"Acc_Ku_2",0.883627125927452,0.0456730214772941,652.994174250139,0.793943419893762,0.973310831961142,"363","Acc_Ku_2"
364,"Acc_Ku_2",0.885561263962768,0.0458227307574345,656.207070019674,0.795584406291761,0.975538121633776,"364","Acc_Ku_2"
365,"Acc_Ku_2",0.887495401998085,0.0459727669312336,659.415544214316,0.797224747032214,0.977766056963957,"365","Acc_Ku_2"
366,"Acc_Ku_2",0.889429540033402,0.046123126808586,662.619389027762,0.798864448404606,0.979994631662198,"366","Acc_Ku_2"
367,"Acc_Ku_2",0.891363678068719,0.046273807234012,665.818400032702,0.800503516630688,0.98222383950675,"367","Acc_Ku_2"
368,"Acc_Ku_2",0.893297816104036,0.0464248050863145,669.012376188126,0.802141957865128,0.984453674342944,"368","Acc_Ku_2"
369,"Acc_Ku_2",0.895231954139352,0.0465761172782391,672.201119845181,0.803779778196158,0.986684130082547,"369","Acc_Ku_2"
370,"Acc_Ku_2",0.897166092174669,0.0467277407561344,675.384436750971,0.805416983646224,0.988915200703114,"370","Acc_Ku_2"
371,"Acc_Ku_2",0.899100230209986,0.0468796724996123,678.562136051277,0.807053580172635,0.991146880247337,"371","Acc_Ku_2"
372,"Acc_Ku_2",0.901034368245303,0.0470319095212125,681.734030291227,0.808689573668201,0.993379162822405,"372","Acc_Ku_2"
373,"Acc_Ku_2",0.902968506280619,0.0471844488660654,684.899935414838,0.810324969961882,0.995612042599357,"373","Acc_Ku_2"
374,"Acc_Ku_2",0.904902644315936,0.047337287611558,688.059670762699,0.811959774819425,0.997845513812448,"374","Acc_Ku_2"
375,"Acc_Ku_2",0.906836782351253,0.0474904228670012,691.213059068486,0.813593993944003,1.0000795707585,"375","Acc_Ku_2"
376,"Acc_Ku_2",0.90877092038657,0.0476438517732984,694.359926453934,0.815227632976852,1.00231420779629,"376","Acc_Ku_2"
377,"Acc_Ku_2",0.910705058421886,0.0477975715026158,697.500102422287,0.816860697497898,1.00454941934587,"377","Acc_Ku_2"
378,"Acc_Ku_2",0.912639196457203,0.0479515792580548,700.633419850579,0.818493193026396,1.00678519988801,"378","Acc_Ku_2"
379,"Acc_Ku_2",0.91457333449252,0.0481058722733261,703.759714980645,0.820125125021549,1.00902154396349,"379","Acc_Ku_2"
380,"Acc_Ku_2",0.916507472527837,0.0482604478124252,706.878827408543,0.821756498883132,1.01125844617254,"380","Acc_Ku_2"
381,"Acc_Ku_2",0.918441610563154,0.0484153031693108,709.990600072969,0.823387319952119,1.01349590117419,"381","Acc_Ku_2"
382,"Acc_Ku_2",0.92037574859847,0.0485704356675842,713.094879242446,0.82501759351129,1.01573390368565,"382","Acc_Ku_2"
383,"Acc_Ku_2",0.922309886633787,0.0487258426601717,716.191514501234,0.826647324785854,1.01797244848172,"383","Acc_Ku_2"
384,"Acc_Ku_2",0.924244024669104,0.0488815215290081,719.280358734244,0.828276518944051,1.02021153039416,"384","Acc_Ku_2"
385,"Acc_Ku_2",0.926178162704421,0.0490374696847233,722.361268110648,0.829905181097762,1.02245114431108,"385","Acc_Ku_2"
386,"Acc_Ku_2",0.928112300739738,0.0491936845663307,725.434102066565,0.831533316303109,1.02469128517637,"386","Acc_Ku_2"
387,"Acc_Ku_2",0.930046438775054,0.0493501636409174,728.498723286857,0.833160929561054,1.02693194798905,"387","Acc_Ku_2"
388,"Acc_Ku_2",0.931980576810371,0.0495069044033378,731.554997685438,0.834788025817994,1.02917312780275,"388","Acc_Ku_2"
389,"Acc_Ku_2",0.933914714845688,0.0496639043759079,734.602794385265,0.836414609966347,1.03141481972503,"389","Acc_Ku_2"
390,"Acc_Ku_2",0.935848852881005,0.0498211611081037,737.641985696968,0.838040686845141,1.03365701891687,"390","Acc_Ku_2"
391,"Acc_Ku_2",0.937782990916321,0.0499786721762607,740.672447096581,0.839666261240595,1.03589972059205,"391","Acc_Ku_2"
392,"Acc_Ku_2",0.939717128951638,0.0501364351832761,743.694057202786,0.841291337886695,1.03814292001658,"392","Acc_Ku_2"
393,"Acc_Ku_2",0.941651266986955,0.0502944477583139,746.706697753116,0.842915921465765,1.04038661250814,"393","Acc_Ku_2"
394,"Acc_Ku_2",0.943585405022272,0.0504527075565116,749.710253579078,0.844540016609041,1.0426307934355,"394","Acc_Ku_2"
395,"Acc_Ku_2",0.945519543057589,0.0506112122586904,752.704612581182,0.846163627897227,1.04487545821795,"395","Acc_Ku_2"
396,"Acc_Ku_2",0.947453681092905,0.0507699595710667,755.689665702618,0.847786759861059,1.04712060232475,"396","Acc_Ku_2"
397,"Acc_Ku_2",0.949387819128222,0.0509289472249671,758.665306902791,0.849409416981858,1.04936622127459,"397","Acc_Ku_2"
398,"Acc_Ku_2",0.951321957163539,0.0510881729765454,761.631433129691,0.851031603692082,1.051612310635,"398","Acc_Ku_2"
399,"Acc_Ku_2",0.953256095198856,0.0512476346065023,764.587944292146,0.852653324375867,1.05385886602184,"399","Acc_Ku_2"
400,"Acc_Ku_2",0.955190233234172,0.0514073299198074,767.534743231156,0.854274583369571,1.05610588309877,"400","Acc_Ku_2"
401,"Acc_Ku_2",0.957124371269489,0.0515672567454241,770.471735690737,0.855895384962308,1.05835335757667,"401","Acc_Ku_2"
402,"Acc_Ku_2",0.959058509304806,0.0517274129360366,773.398830288333,0.85751573339648,1.06060128521313,"402","Acc_Ku_2"
403,"Acc_Ku_2",0.960992647340123,0.05188779636778,776.315938484673,0.859135632868304,1.06284966181194,"403","Acc_Ku_2"
404,"Acc_Ku_2",0.962926785375439,0.0520484049399728,779.222974553396,0.860755087528329,1.06509848322255,"404","Acc_Ku_2"
405,"Acc_Ku_2",0.964860923410756,0.052209236574851,782.119855549619,0.862374101481961,1.06734774533955,"405","Acc_Ku_2"
406,"Acc_Ku_2",0.966795061446073,0.0523702892173066,785.006501279023,0.863992678789967,1.06959744410218,"406","Acc_Ku_2"
407,"Acc_Ku_2",0.96872919948139,0.0525315608346271,787.882834265596,0.865610823468985,1.0718475754938,"407","Acc_Ku_2"
408,"Acc_Ku_2",0.970663337516707,0.0526930494162381,790.748779720004,0.867228539492027,1.07409813554139,"408","Acc_Ku_2"
409,"Acc_Ku_2",0.972597475552023,0.052854752973449,793.604265506669,0.868845830788977,1.07634912031507,"409","Acc_Ku_2"
410,"Acc_Ku_2",0.97453161358734,0.0530166695391998,796.449222111485,0.870462701247081,1.0786005259276,"410","Acc_Ku_2"
411,"Acc_Ku_2",0.976465751622657,0.0531787971678123,799.283582608493,0.872079154711436,1.08085234853388,"411","Acc_Ku_2"
412,"Acc_Ku_2",0.978399889657974,0.0533411339347424,802.107282626822,0.873695194985475,1.08310458433047,"412","Acc_Ku_2"
413,"Acc_Ku_2",0.980334027693291,0.0535036779363358,804.920260317208,0.875310825831441,1.08535722955514,"413","Acc_Ku_2"
414,"Acc_Ku_2",0.982268165728607,0.0536664272895855,807.722456318377,0.876926050970864,1.08761028048635,"414","Acc_Ku_2"
415,"Acc_Ku_2",0.984202303763924,0.0538293801318926,810.513813723295,0.878540874085028,1.08986373344282,"415","Acc_Ku_2"
416,"Acc_Ku_2",0.986136441799241,0.053992534620829,813.294278045089,0.880155298815435,1.09211758478305,"416","Acc_Ku_2"
417,"Acc_Ku_2",0.988070579834558,0.0541558889339031,816.063797183112,0.881769328764264,1.09437183090485,"417","Acc_Ku_2"
418,"Acc_Ku_2",0.990004717869874,0.0543194412683277,818.822321388813,0.883382967494824,1.09662646824492,"418","Acc_Ku_2"
419,"Acc_Ku_2",0.991938855905191,0.0544831898407898,821.569803231489,0.884996218532007,1.09888149327837,"419","Acc_Ku_2"
420,"Acc_Ku_2",0.993872993940508,0.0546471328872247,824.306197563753,0.886609085362729,1.10113690251829,"420","Acc_Ku_2"
421,"Acc_Ku_2",0.995807131975825,0.0548112686625902,827.031461487741,0.88822157143637,1.10339269251528,"421","Acc_Ku_2"
422,"Acc_Ku_2",0.997741270011141,0.0549755954406454,829.745554320143,0.889833680165214,1.10564885985707,"422","Acc_Ku_2"
423,"Acc_Ku_2",0.999675408046458,0.0551401115137299,832.448437558382,0.891445414924874,1.10790540116804,"423","Acc_Ku_2"
424,"Acc_Ku_2",1.00160954608177,0.0553048151925475,835.140074845897,0.893056779054721,1.11016231310883,"424","Acc_Ku_2"
425,"Acc_Ku_2",1.00354368411709,0.0554697048059507,837.820431938324,0.894667775858307,1.11241959237588,"425","Acc_Ku_2"
426,"Acc_Ku_2",1.00547782215241,0.0556347787007281,840.489476668704,0.896278408603776,1.11467723570104,"426","Acc_Ku_2"
427,"Acc_Ku_2",1.00741196018773,0.0558000352413946,843.147178913765,0.897888680524284,1.11693523985117,"427","Acc_Ku_2"
428,"Acc_Ku_2",1.00934609822304,0.0559654728099831,845.793510559613,0.899498594818402,1.11919360162768,"428","Acc_Ku_2"
429,"Acc_Ku_2",1.01128023625836,0.0561310898058399,848.428445467901,0.901108154650518,1.1214523178662,"429","Acc_Ku_2"
430,"Acc_Ku_2",1.01321437429368,0.0562968846454203,851.051959441877,0.902717363151241,1.12371138543611,"430","Acc_Ku_2"
431,"Acc_Ku_2",1.01514851232899,0.056462855762089,853.664030192711,0.90432622341779,1.12597080124019,"431","Acc_Ku_2"
432,"Acc_Ku_2",1.01708265036431,0.0566290016059207,856.264637305849,0.905934738514386,1.12823056221423,"432","Acc_Ku_2"
433,"Acc_Ku_2",1.01901678839963,0.0567953206435044,858.853762207599,0.907542911472641,1.13049066532661,"433","Acc_Ku_2"
434,"Acc_Ku_2",1.02095092643494,0.0569618113577491,861.431388132053,0.909150745291932,1.13275110757795,"434","Acc_Ku_2"
435,"Acc_Ku_2",1.02288506447026,0.0571284722476921,863.997500087687,0.910758242939782,1.13501188600074,"435","Acc_Ku_2"
436,"Acc_Ku_2",1.02481920250558,0.0572953018283092,866.552084824709,0.912365407352236,1.13727299765892,"436","Acc_Ku_2"
437,"Acc_Ku_2",1.02675334054089,0.0574622986303279,869.095130802335,0.91397224143422,1.13953443964757,"437","Acc_Ku_2"
438,"Acc_Ku_2",1.02868747857621,0.0576294612000418,871.626628156297,0.915578748059915,1.14179620909251,"438","Acc_Ku_2"
439,"Acc_Ku_2",1.03062161661153,0.0577967880991277,874.146568666513,0.917184930073109,1.14405830314994,"439","Acc_Ku_2"
440,"Acc_Ku_2",1.03255575464684,0.0579642779044647,876.65494572524,0.918790790287558,1.14632071900613,"440","Acc_Ku_2"
441,"Acc_Ku_2",1.03448989268216,0.0581319292079557,879.151754305169,0.920396331487335,1.14858345387699,"441","Acc_Ku_2"
442,"Acc_Ku_2",1.03642403071748,0.0582997406163503,881.636990927912,0.922001556427179,1.15084650500777,"442","Acc_Ku_2"
443,"Acc_Ku_2",1.03835816875279,0.0584677107510709,884.110653632895,0.923606467832835,1.15310986967275,"443","Acc_Ku_2"
444,"Acc_Ku_2",1.04029230678811,0.0586358382480395,886.572741946119,0.925211068401399,1.15537354517482,"444","Acc_Ku_2"
445,"Acc_Ku_2",1.04222644482343,0.058804121757508,889.023256849512,0.926815360801649,1.15763752884521,"445","Acc_Ku_2"
446,"Acc_Ku_2",1.04416058285874,0.0589725599438892,891.462200750719,0.928419347674377,1.15990181804311,"446","Acc_Ku_2"
447,"Acc_Ku_2",1.04609472089406,0.0591411514855906,893.889577452558,0.930023031632718,1.1621664101554,"447","Acc_Ku_2"
448,"Acc_Ku_2",1.04802885892938,0.0593098950748504,896.30539212336,0.931626415262475,1.16443130259628,"448","Acc_Ku_2"
449,"Acc_Ku_2",1.04996299696469,0.0594787894175744,898.709651267367,0.933229501122435,1.16669649280695,"449","Acc_Ku_2"
450,"Acc_Ku_2",1.05189713500001,0.0596478332331759,901.102362695617,0.934832291744688,1.16896197825533,"450","Acc_Ku_2"
451,"Acc_Ku_2",1.05383127303533,0.059817025254417,903.483535496606,0.936434789634937,1.17122775643572,"451","Acc_Ku_2"
452,"Acc_Ku_2",1.05576541107064,0.0599863642272522,905.853180007955,0.938036997272811,1.17349382486848,"452","Acc_Ku_2"
453,"Acc_Ku_2",1.05769954910596,0.0601558489106735,908.211307788077,0.939638917112165,1.17576018109976,"453","Acc_Ku_2"
454,"Acc_Ku_2",1.05963368714128,0.0603254780765573,910.557931587923,0.941240551581384,1.17802682270117,"454","Acc_Ku_2"
455,"Acc_Ku_2",1.06156782517659,0.0604952505095137,912.89306532354,0.942841903083679,1.18029374726951,"455","Acc_Ku_2"
456,"Acc_Ku_2",1.06350196321191,0.0606651650067371,915.216724048555,0.944442973997383,1.18256095242644,"456","Acc_Ku_2"
457,"Acc_Ku_2",1.06543610124723,0.060835220377859,917.528923927198,0.94604376667624,1.18482843581822,"457","Acc_Ku_2"
458,"Acc_Ku_2",1.06737023928255,0.0610054154448021,919.829682207644,0.947644283449695,1.1870961951154,"458","Acc_Ku_2"
459,"Acc_Ku_2",1.06930437731786,0.061175749041637,922.119017195421,0.949244526623171,1.18936422801255,"459","Acc_Ku_2"
460,"Acc_Ku_2",1.07123851535318,0.0613462200144393,924.396948227782,0.950844498478357,1.191632532228,"460","Acc_Ku_2"
461,"Acc_Ku_2",1.0731726533885,0.0615168272211502,926.663495647602,0.95244420127348,1.19390110550351,"461","Acc_Ku_2"
462,"Acc_Ku_2",1.07510679142381,0.0616875695314372,928.918680778261,0.954043637243578,1.19616994560405,"462","Acc_Ku_2"
463,"Acc_Ku_2",1.07704092945913,0.0618584458265576,931.16252589856,0.955642808600774,1.19843905031748,"463","Acc_Ku_2"
464,"Acc_Ku_2",1.07897506749445,0.062029454999223,933.395054218017,0.957241717534538,1.20070841745435,"464","Acc_Ku_2"
465,"Acc_Ku_2",1.08090920552976,0.0622005959534656,935.61628985259,0.958840366211957,1.20297804484757,"465","Acc_Ku_2"
466,"Acc_Ku_2",1.08284334356508,0.0623718676045071,937.826257800592,0.960438756777986,1.20524793035217,"466","Acc_Ku_2"
467,"Acc_Ku_2",1.0847774816004,0.0625432688786271,940.024983919184,0.962036891355714,1.20751807184508,"467","Acc_Ku_2"
468,"Acc_Ku_2",1.08671161963571,0.0627147987130352,942.212494900926,0.963634772046615,1.20978846722481,"468","Acc_Ku_2"
469,"Acc_Ku_2",1.08864575767103,0.062886456055744,944.38881825099,0.965232400930795,1.21205911441126,"469","Acc_Ku_2"
470,"Acc_Ku_2",1.09057989570635,0.0630582398654427,946.553982264373,0.966829780067246,1.21433001134545,"470","Acc_Ku_2"
471,"Acc_Ku_2",1.09251403374166,0.0632301491113742,948.708016003568,0.968426911494088,1.21660115598924,"471","Acc_Ku_2"
472,"Acc_Ku_2",1.09444817177698,0.0634021827732115,950.850949276837,0.97002379722881,1.21887254632515,"472","Acc_Ku_2"
473,"Acc_Ku_2",1.0963823098123,0.0635743398409376,952.982812616555,0.971620439268509,1.22114418035609,"473","Acc_Ku_2"
474,"Acc_Ku_2",1.09831644784761,0.0637466193147256,955.103637257825,0.973216839590128,1.2234160561051,"474","Acc_Ku_2"
475,"Acc_Ku_2",1.10025058588293,0.0639190202048206,957.213455117622,0.974813000150688,1.22568817161517,"475","Acc_Ku_2"
476,"Acc_Ku_2",1.10218472391825,0.0640915415314235,959.312298774207,0.976408922887517,1.22796052494898,"476","Acc_Ku_2"
477,"Acc_Ku_2",1.10411886195356,0.0642641823245757,961.400201446948,0.978004609718477,1.23023311418865,"477","Acc_Ku_2"
478,"Acc_Ku_2",1.10605299998888,0.0644369416240455,963.477196976402,0.979600062542192,1.23250593743557,"478","Acc_Ku_2"
479,"Acc_Ku_2",1.1079871380242,0.0646098184792155,965.543319804457,0.981195283238266,1.23477899281013,"479","Acc_Ku_2"
480,"Acc_Ku_2",1.10992127605951,0.0647828119489724,967.598604955481,0.982790273667503,1.23705227845153,"480","Acc_Ku_2"
481,"Acc_Ku_2",1.11185541409483,0.0649559211015969,969.643088017051,0.984385035672125,1.23932579251754,"481","Acc_Ku_2"
482,"Acc_Ku_2",1.11378955213015,0.0651291450146555,971.676805121686,0.985979571075983,1.24159953318431,"482","Acc_Ku_2"
483,"Acc_Ku_2",1.11572369016546,0.0653024827748945,973.69979292815,0.987573881684771,1.24387349864616,"483","Acc_Ku_2"
484,"Acc_Ku_2",1.11765782820078,0.0654759334781334,975.712088603749,0.989167969286231,1.24614768711533,"484","Acc_Ku_2"
485,"Acc_Ku_2",1.1195919662361,0.0656494962291617,977.713729806886,0.990761835650362,1.24842209682183,"485","Acc_Ku_2"
486,"Acc_Ku_2",1.12152610427142,0.0658231701416354,979.704754669359,0.992355482529622,1.25069672601321,"486","Acc_Ku_2"
487,"Acc_Ku_2",1.12346024230673,0.0659969543379758,981.685201779379,0.993948911659128,1.25297157295434,"487","Acc_Ku_2"
488,"Acc_Ku_2",1.12539438034205,0.0661708479492688,983.655110165175,0.995542124756854,1.25524663592724,"488","Acc_Ku_2"
489,"Acc_Ku_2",1.12732851837737,0.0663448501151659,985.614519278178,0.997135123523831,1.2575219132309,"489","Acc_Ku_2"
490,"Acc_Ku_2",1.12926265641268,0.0665189599837868,987.563468977494,0.998727909644334,1.25979740318103,"490","Acc_Ku_2"
491,"Acc_Ku_2",1.131196794448,0.0666931767116219,989.501999513516,1.00032048478608,1.26207310410992,"491","Acc_Ku_2"
492,"Acc_Ku_2",1.13313093248332,0.0668674994634376,991.430151512738,1.00191285060041,1.26434901436622,"492","Acc_Ku_2"
493,"Acc_Ku_2",1.13506507051863,0.0670419274121816,993.347965962703,1.00350500872247,1.26662513231479,"493","Acc_Ku_2"
494,"Acc_Ku_2",1.13699920855395,0.0672164597388902,995.255484196632,1.00509696077143,1.26890145633647,"494","Acc_Ku_2"
495,"Acc_Ku_2",1.13893334658927,0.0673910956325957,997.152747879541,1.00668870835061,1.27117798482792,"495","Acc_Ku_2"
496,"Acc_Ku_2",1.14086748462458,0.0675658342902364,999.039798993167,1.00828025304771,1.27345471620146,"496","Acc_Ku_2"
497,"Acc_Ku_2",1.1428016226599,0.0677406749165662,1000.91667982221,1.00987159643494,1.27573164888485,"497","Acc_Ku_2"
498,"Acc_Ku_2",1.14473576069522,0.0679156167240668,1002.78343294083,1.01146274006926,1.27800878132117,"498","Acc_Ku_2"
499,"Acc_Ku_2",1.14666989873053,0.0680906589328593,1004.64010119899,1.01305368549247,1.28028611196859,"499","Acc_Ku_2"
500,"Acc_Ku_2",1.14860403676585,0.0682658007706188,1006.48672770892,1.01464443423147,1.28256363930023,"500","Acc_Ku_2"
0,"Aci_B_1",0.304849448153043,0.0370276542357984,637.935315232376,0.232138628602052,0.377560267704033,"0","Aci_B_1"
1,"Aci_B_1",0.309472092553566,0.0369573758769023,634.681363630115,0.236898570641974,0.382045614465158,"1","Aci_B_1"
2,"Aci_B_1",0.31409473695409,0.0368872429285686,631.434365276909,0.241658224067566,0.386531249840614,"2","Aci_B_1"
3,"Aci_B_1",0.318717381354613,0.0368172562217721,628.194459591883,0.246417587236754,0.391017175472473,"3","Aci_B_1"
4,"Aci_B_1",0.323340025755137,0.0367474165920789,624.961785229216,0.251176658498653,0.395503393011621,"4","Aci_B_1"
5,"Aci_B_1",0.32796267015566,0.0366777248796562,621.736480055478,0.255935436193545,0.399989904117775,"5","Aci_B_1"
6,"Aci_B_1",0.332585314556184,0.0366081819292833,618.51868112694,0.260693918652874,0.404476710459493,"6","Aci_B_1"
7,"Aci_B_1",0.337207958956707,0.0365387885903603,615.308524667278,0.265452104199227,0.408963813714188,"7","Aci_B_1"
8,"Aci_B_1",0.341830603357231,0.0364695457169181,612.106146045613,0.270209991146324,0.413451215568138,"8","Aci_B_1"
9,"Aci_B_1",0.346453247757754,0.0364004541676268,608.911679754644,0.274967577799011,0.417938917716498,"9","Aci_B_1"
10,"Aci_B_1",0.351075892158278,0.0363315148058047,605.725259389132,0.279724862453246,0.42242692186331,"10","Aci_B_1"
11,"Aci_B_1",0.355698536558801,0.0362627284994263,602.547017624688,0.284481843396093,0.42691522972151,"11","Aci_B_1"
12,"Aci_B_1",0.360321180959325,0.0361940961211299,599.377086196812,0.289238518905712,0.431403843012938,"12","Aci_B_1"
13,"Aci_B_1",0.364943825359848,0.0361256185482252,596.215595880178,0.293994887251353,0.435892763468344,"13","Aci_B_1"
14,"Aci_B_1",0.369566469760372,0.0360572966626997,593.062676468466,0.298750946693351,0.440381992827392,"14","Aci_B_1"
15,"Aci_B_1",0.374189114160895,0.0359891313512259,589.91845675409,0.30350669548312,0.444871532838671,"15","Aci_B_1"
16,"Aci_B_1",0.378811758561419,0.0359211235051667,586.783064508619,0.308262131863147,0.449361385259691,"16","Aci_B_1"
17,"Aci_B_1",0.383434402961942,0.0358532740205811,583.656626463325,0.313017254066993,0.453851551856891,"17","Aci_B_1"
18,"Aci_B_1",0.388057047362466,0.0357855837982294,580.539268290183,0.317772060319288,0.458342034405643,"18","Aci_B_1"
19,"Aci_B_1",0.392679691762989,0.0357180537435778,577.431114583062,0.322526548835731,0.462832834690247,"19","Aci_B_1"
20,"Aci_B_1",0.397302336163513,0.0356506847668024,574.332288839376,0.327280717823091,0.467323954503935,"20","Aci_B_1"
21,"Aci_B_1",0.401924980564036,0.0355834777827928,571.242913442086,0.332034565479206,0.471815395648867,"21","Aci_B_1"
22,"Aci_B_1",0.40654762496456,0.0355164337111554,568.16310964203,0.336788089992987,0.476307159936133,"22","Aci_B_1"
23,"Aci_B_1",0.411170269365083,0.0354495534762155,565.092997540599,0.341541289544423,0.480799249185744,"23","Aci_B_1"
24,"Aci_B_1",0.415792913765607,0.0353828380070201,562.032696072783,0.346294162304583,0.48529166522663,"24","Aci_B_1"
25,"Aci_B_1",0.42041555816613,0.0353162882373386,558.982322990645,0.351046706435624,0.489784409896637,"25","Aci_B_1"
26,"Aci_B_1",0.425038202566654,0.035249905105664,555.941994847117,0.355798920090795,0.494277485042512,"26","Aci_B_1"
27,"Aci_B_1",0.429660846967177,0.0351836895552136,552.911826980343,0.360550801414452,0.498770892519903,"27","Aci_B_1"
28,"Aci_B_1",0.434283491367701,0.0351176425339283,549.891933498033,0.365302348542058,0.503264634193344,"28","Aci_B_1"
29,"Aci_B_1",0.438906135768224,0.0350517649944718,546.882427262694,0.370053559600204,0.507758711936245,"29","Aci_B_1"
30,"Aci_B_1",0.443528780168748,0.0349860578942295,543.883419876953,0.374804432706614,0.512253127630882,"30","Aci_B_1"
31,"Aci_B_1",0.448151424569271,0.0349205221953061,540.895021669329,0.379554965970161,0.516747883168381,"31","Aci_B_1"
32,"Aci_B_1",0.452774068969795,0.0348551588645231,537.917341680502,0.384305157490886,0.521242980448704,"32","Aci_B_1"
33,"Aci_B_1",0.457396713370318,0.0347899688734153,534.950487649947,0.389055005360005,0.525738421380632,"33","Aci_B_1"
34,"Aci_B_1",0.462019357770842,0.0347249531982271,531.994566002945,0.393804507659937,0.530234207881747,"34","Aci_B_1"
35,"Aci_B_1",0.466642002171365,0.0346601128199074,529.049681838103,0.398553662464316,0.534730341878415,"35","Aci_B_1"
36,"Aci_B_1",0.471264646571889,0.0345954487241045,526.115938915266,0.403302467838016,0.539226825305762,"36","Aci_B_1"
37,"Aci_B_1",0.475887290972412,0.0345309619011601,523.193439643762,0.40805092183717,0.543723660107654,"37","Aci_B_1"
38,"Aci_B_1",0.480509935372936,0.0344666533461023,520.282285071255,0.412799022509198,0.548220848236674,"38","Aci_B_1"
39,"Aci_B_1",0.485132579773459,0.0344025240586383,517.382574872904,0.417546767892825,0.552718391654094,"39","Aci_B_1"
40,"Aci_B_1",0.489755224173983,0.0343385750431462,514.494407341014,0.422294156018116,0.557216292329849,"40","Aci_B_1"
41,"Aci_B_1",0.494377868574506,0.0342748073086657,511.617879375036,0.4270411849065,0.561714552242513,"41","Aci_B_1"
42,"Aci_B_1",0.49900051297503,0.0342112218688888,508.75308647217,0.431787852570799,0.566213173379261,"42","Aci_B_1"
43,"Aci_B_1",0.503623157375553,0.0341478197421489,505.900122718284,0.436534157015262,0.570712157735844,"43","Aci_B_1"
44,"Aci_B_1",0.508245801776077,0.0340846019514098,503.059080779254,0.4412800962356,0.575211507316554,"44","Aci_B_1"
45,"Aci_B_1",0.5128684461766,0.0340215695242531,500.230051892962,0.446025668219014,0.579711224134187,"45","Aci_B_1"
46,"Aci_B_1",0.517491090577124,0.0339587234928658,497.413125861414,0.450770870944239,0.584211310210008,"46","Aci_B_1"
47,"Aci_B_1",0.522113734977647,0.0338960648940262,494.60839104355,0.455515702381581,0.588711767573714,"47","Aci_B_1"
48,"Aci_B_1",0.526736379378171,0.0338335947690893,491.81593434847,0.460260160492953,0.593212598263389,"48","Aci_B_1"
49,"Aci_B_1",0.531359023778694,0.0337713141639712,489.035841229046,0.465004243231921,0.597713804325468,"49","Aci_B_1"
50,"Aci_B_1",0.535981668179218,0.0337092241291331,486.268195675986,0.469747948543748,0.602215387814688,"50","Aci_B_1"
51,"Aci_B_1",0.540604312579741,0.0336473257195636,483.513080212381,0.474491274365436,0.606717350794046,"51","Aci_B_1"
52,"Aci_B_1",0.545226956980265,0.0335856199947608,480.770575888721,0.479234218625779,0.61121969533475,"52","Aci_B_1"
53,"Aci_B_1",0.549849601380788,0.0335241080187129,478.040762278288,0.483976779245408,0.615722423516169,"53","Aci_B_1"
54,"Aci_B_1",0.554472245781312,0.0334627908598786,475.323717473064,0.488718954136842,0.620225537425782,"54","Aci_B_1"
55,"Aci_B_1",0.559094890181835,0.0334016695911658,472.619518080079,0.493460741204545,0.624729039159126,"55","Aci_B_1"
56,"Aci_B_1",0.563717534582359,0.0333407452899097,469.92823921814,0.49820213834498,0.629232930819738,"56","Aci_B_1"
57,"Aci_B_1",0.568340178982882,0.0332800190378499,467.2499545151,0.502943143446664,0.6337372145191,"57","Aci_B_1"
58,"Aci_B_1",0.572962823383406,0.0332194919211064,464.584736105517,0.50768375439023,0.638241892376581,"58","Aci_B_1"
59,"Aci_B_1",0.577585467783929,0.0331591650301549,461.932654628709,0.512423969048487,0.642746966519371,"59","Aci_B_1"
60,"Aci_B_1",0.582208112184453,0.0330990394598005,459.293779227435,0.517163785286484,0.647252439082422,"60","Aci_B_1"
61,"Aci_B_1",0.586830756584976,0.0330391163091509,456.668177546734,0.521903200961574,0.651758312208378,"61","Aci_B_1"
62,"Aci_B_1",0.5914534009855,0.0329793966815884,454.055915733474,0.526642213923486,0.656264588047514,"62","Aci_B_1"
63,"Aci_B_1",0.596076045386023,0.0329198816847405,451.457058436131,0.531380822014387,0.660771268757659,"63","Aci_B_1"
64,"Aci_B_1",0.600698689786547,0.03286057243045,448.871668805111,0.536119023068964,0.66527835650413,"64","Aci_B_1"
65,"Aci_B_1",0.60532133418707,0.0328014700347436,446.299808493473,0.540856814914489,0.669785853459652,"65","Aci_B_1"
66,"Aci_B_1",0.609943978587594,0.0327425756177993,443.741537658116,0.545594195370901,0.674293761804287,"66","Aci_B_1"
67,"Aci_B_1",0.614566622988117,0.0326838903039129,441.196914961262,0.550331162250882,0.678802083725353,"67","Aci_B_1"
68,"Aci_B_1",0.619189267388641,0.0326254152214636,438.665997572497,0.55506771335994,0.683310821417341,"68","Aci_B_1"
69,"Aci_B_1",0.623811911789164,0.0325671515028778,436.14884117121,0.559803846496492,0.687819977081837,"69","Aci_B_1"
70,"Aci_B_1",0.628434556189688,0.0325091002845922,433.645499949355,0.564539559451945,0.692329552927431,"70","Aci_B_1"
71,"Aci_B_1",0.633057200590211,0.0324512627070156,431.156026614685,0.569274850010791,0.696839551169632,"71","Aci_B_1"
72,"Aci_B_1",0.637679844990735,0.0323936399144893,428.680472394408,0.574009715950692,0.701349974030778,"72","Aci_B_1"
73,"Aci_B_1",0.642302489391258,0.0323362330552469,426.218887039256,0.578744155042575,0.705860823739942,"73","Aci_B_1"
74,"Aci_B_1",0.646925133791782,0.0322790432813718,423.771318827783,0.583478165050726,0.710372102532837,"74","Aci_B_1"
75,"Aci_B_1",0.651547778192305,0.0322220717487548,421.337814571344,0.588211743732889,0.714883812651721,"75","Aci_B_1"
76,"Aci_B_1",0.656170422592829,0.032165319617049,418.918419619226,0.592944888840363,0.719395956345294,"76","Aci_B_1"
77,"Aci_B_1",0.660793066993352,0.0321087880496246,416.513177864209,0.597677598118108,0.723908535868597,"77","Aci_B_1"
78,"Aci_B_1",0.665415711393876,0.0320524782135221,414.122131748621,0.602409869304845,0.728421553482907,"78","Aci_B_1"
79,"Aci_B_1",0.670038355794399,0.0319963912794036,411.745322270625,0.607141700133169,0.73293501145563,"79","Aci_B_1"
80,"Aci_B_1",0.674661000194923,0.0319405284215034,409.382788990916,0.611873088329656,0.737448912060189,"80","Aci_B_1"
81,"Aci_B_1",0.679283644595446,0.0318848908175773,407.034570039855,0.616604031614976,0.741963257575917,"81","Aci_B_1"
82,"Aci_B_1",0.68390628899597,0.0318294796488503,404.700702124856,0.621334527704005,0.746478050287935,"82","Aci_B_1"
83,"Aci_B_1",0.688528933396493,0.0317742960999629,402.381220538191,0.626064574305949,0.750993292487038,"83","Aci_B_1"
84,"Aci_B_1",0.693151577797017,0.0317193413589161,400.07615916512,0.630794169124457,0.755508986469577,"84","Aci_B_1"
85,"Aci_B_1",0.69777422219754,0.0316646166170153,397.785550492325,0.635523309857751,0.76002513453733,"85","Aci_B_1"
86,"Aci_B_1",0.702396866598064,0.0316101230688125,395.509425616805,0.640251994198745,0.764541738997383,"86","Aci_B_1"
87,"Aci_B_1",0.707019510998587,0.0315558619120469,393.247814254907,0.644980219835177,0.769058802161998,"87","Aci_B_1"
88,"Aci_B_1",0.711642155399111,0.0315018343475846,391.000744751879,0.649707984449739,0.773576326348483,"88","Aci_B_1"
89,"Aci_B_1",0.716264799799634,0.0314480415793565,388.768244091624,0.654435285720208,0.77809431387906,"89","Aci_B_1"
90,"Aci_B_1",0.720887444200158,0.031394484814295,386.550337906736,0.659162121319588,0.782612767080727,"90","Aci_B_1"
91,"Aci_B_1",0.725510088600681,0.031341165262269,384.34705048896,0.663888488916242,0.787131688285121,"91","Aci_B_1"
92,"Aci_B_1",0.730132733001205,0.0312880841360174,382.158404799894,0.668614386174037,0.791651079828372,"92","Aci_B_1"
93,"Aci_B_1",0.734755377401728,0.0312352426510814,379.984422481909,0.673339810752489,0.796170944050967,"93","Aci_B_1"
94,"Aci_B_1",0.739378021802252,0.0311826420257354,377.825123869503,0.678064760306909,0.800691283297595,"94","Aci_B_1"
95,"Aci_B_1",0.744000666202775,0.0311302834809157,375.680528000807,0.682789232488551,0.805212099917,"95","Aci_B_1"
96,"Aci_B_1",0.748623310603299,0.0310781682401485,373.550652629423,0.687513224944768,0.80973339626183,"96","Aci_B_1"
97,"Aci_B_1",0.753245955003822,0.031026297529476,371.435514236568,0.692236735319164,0.814255174688481,"97","Aci_B_1"
98,"Aci_B_1",0.757868599404346,0.0309746725773809,369.335128043352,0.696959761251754,0.818777437556937,"98","Aci_B_1"
99,"Aci_B_1",0.762491243804869,0.0309232946147095,367.249508023439,0.701682300379126,0.823300187230613,"99","Aci_B_1"
100,"Aci_B_1",0.767113888205393,0.0308721648745935,365.17866691593,0.706404350334599,0.827823426076186,"100","Aci_B_1"
101,"Aci_B_1",0.771736532605916,0.0308212845923695,363.122616238399,0.711125908748398,0.832347156463435,"101","Aci_B_1"
102,"Aci_B_1",0.77635917700644,0.0307706550054979,361.081366300292,0.715846973247815,0.836871380765065,"102","Aci_B_1"
103,"Aci_B_1",0.780981821406963,0.0307202773534795,359.054926216454,0.720567541457385,0.841396101356542,"103","Aci_B_1"
104,"Aci_B_1",0.785604465807487,0.0306701528777706,357.043303920898,0.725287610999061,0.845921320615912,"104","Aci_B_1"
105,"Aci_B_1",0.79022711020801,0.0306202828216973,355.046506180857,0.730007179492391,0.850447040923629,"105","Aci_B_1"
106,"Aci_B_1",0.794849754608534,0.0305706684303668,353.064538610952,0.734726244554697,0.85497326466237,"106","Aci_B_1"
107,"Aci_B_1",0.799472399009057,0.0305213109505787,351.097405687582,0.739444803801259,0.859499994216855,"107","Aci_B_1"
108,"Aci_B_1",0.804095043409581,0.0304722116307332,349.145110763577,0.744162854845502,0.86402723197366,"108","Aci_B_1"
109,"Aci_B_1",0.808717687810104,0.0304233717207389,347.207656082925,0.748880395299182,0.868554980321026,"109","Aci_B_1"
110,"Aci_B_1",0.813340332210628,0.0303747924719184,345.285042795779,0.753597422772581,0.873083241648675,"110","Aci_B_1"
111,"Aci_B_1",0.817962976611151,0.0303264751369123,343.377270973569,0.758313934874698,0.877612018347605,"111","Aci_B_1"
112,"Aci_B_1",0.822585621011675,0.0302784209695815,341.484339624355,0.763029929213447,0.882141312809902,"112","Aci_B_1"
113,"Aci_B_1",0.827208265412198,0.0302306312249086,339.60624670821,0.767745403395859,0.886671127428538,"113","Aci_B_1"
114,"Aci_B_1",0.831830909812722,0.0301831071588965,337.742989152937,0.77246035502828,0.891201464597164,"114","Aci_B_1"
115,"Aci_B_1",0.836453554213245,0.0301358500284667,335.894562869775,0.777174781716579,0.895732326709912,"115","Aci_B_1"
116,"Aci_B_1",0.841076198613769,0.0300888610913545,334.060962769305,0.781888681066356,0.900263716161182,"116","Aci_B_1"
117,"Aci_B_1",0.845698843014292,0.0300421416060042,332.242182777518,0.786602050683153,0.904795635345432,"117","Aci_B_1"
118,"Aci_B_1",0.850321487414816,0.0299956928314613,330.438215851972,0.791314888172664,0.909328086656968,"118","Aci_B_1"
119,"Aci_B_1",0.854944131815339,0.0299495160272639,328.649053998057,0.796027191140955,0.913861072489724,"119","Aci_B_1"
120,"Aci_B_1",0.859566776215863,0.0299036124533323,326.874688285425,0.800738957194679,0.918394595237046,"120","Aci_B_1"
121,"Aci_B_1",0.864189420616386,0.0298579833698565,325.11510886444,0.805450183941302,0.922928657291471,"121","Aci_B_1"
122,"Aci_B_1",0.86881206501691,0.0298126300371832,323.370304982888,0.810160868989321,0.927463261044499,"122","Aci_B_1"
123,"Aci_B_1",0.873434709417433,0.0297675537156999,321.640265002562,0.814871009948493,0.931998408886374,"123","Aci_B_1"
124,"Aci_B_1",0.878057353817957,0.0297227556657182,319.924976416114,0.819580604430067,0.936534103205847,"124","Aci_B_1"
125,"Aci_B_1",0.88267999821848,0.0296782371473557,318.224425863931,0.824289650047009,0.941070346389952,"125","Aci_B_1"
126,"Aci_B_1",0.887302642619004,0.0296339994204152,316.538599151032,0.828998144414242,0.945607140823766,"126","Aci_B_1"
127,"Aci_B_1",0.891925287019527,0.0295900437442638,314.867481264126,0.83370608514888,0.950144488890175,"127","Aci_B_1"
128,"Aci_B_1",0.896547931420051,0.0295463713777092,313.211056388666,0.838413469870466,0.954682392969636,"128","Aci_B_1"
129,"Aci_B_1",0.901170575820574,0.029502983578875,311.569307925992,0.843120296201214,0.959220855439934,"129","Aci_B_1"
130,"Aci_B_1",0.905793220221098,0.0294598816050746,309.942218510492,0.847826561766255,0.963759878675941,"130","Aci_B_1"
131,"Aci_B_1",0.910415864621621,0.0294170667126831,308.329770026857,0.852532264193879,0.968299465049364,"131","Aci_B_1"
132,"Aci_B_1",0.915038509022145,0.0293745401570079,306.731943627313,0.857237401115787,0.972839616928503,"132","Aci_B_1"
133,"Aci_B_1",0.919661153422668,0.029332303192158,305.148719748969,0.861941970167338,0.977380336677998,"133","Aci_B_1"
134,"Aci_B_1",0.924283797823192,0.0292903570709113,303.580078131085,0.866645968987808,0.981921626658576,"134","Aci_B_1"
135,"Aci_B_1",0.928906442223715,0.0292487030445809,302.025997832457,0.871349395220638,0.986463489226793,"135","Aci_B_1"
136,"Aci_B_1",0.933529086624239,0.0292073423628796,300.486457248765,0.876052246513694,0.991005926734783,"136","Aci_B_1"
137,"Aci_B_1",0.938151731024762,0.0291662762737829,298.961434129941,0.880754520519531,0.995548941529994,"137","Aci_B_1"
138,"Aci_B_1",0.942774375425286,0.0291255060233911,297.450905597558,0.885456214895645,1.00009253595493,"138","Aci_B_1"
139,"Aci_B_1",0.947397019825809,0.0290850328557893,295.954848162176,0.890157327304746,1.00463671234687,"139","Aci_B_1"
140,"Aci_B_1",0.952019664226333,0.0290448580129062,294.473237740761,0.894857855415018,1.00918147303765,"140","Aci_B_1"
141,"Aci_B_1",0.956642308626856,0.0290049827343719,293.006049673998,0.899557796900386,1.01372682035333,"141","Aci_B_1"
142,"Aci_B_1",0.96126495302738,0.0289654082573736,291.553258743625,0.90425714944079,1.01827275661397,"142","Aci_B_1"
143,"Aci_B_1",0.965887597427903,0.0289261358165109,290.114839189808,0.90895591072245,1.02281928413336,"143","Aci_B_1"
144,"Aci_B_1",0.970510241828427,0.0288871666436488,288.690764728369,0.913654078438145,1.02736640521871,"144","Aci_B_1"
145,"Aci_B_1",0.97513288622895,0.0288485019677698,287.281008568094,0.918351650287482,1.03191412217042,"145","Aci_B_1"
146,"Aci_B_1",0.979755530629474,0.0288101430148255,285.88554342791,0.923048623977176,1.03646243728177,"146","Aci_B_1"
147,"Aci_B_1",0.984378175029997,0.0287720910075852,284.504341554103,0.927744997221326,1.04101135283867,"147","Aci_B_1"
148,"Aci_B_1",0.989000819430521,0.028734347165485,283.137374737459,0.932440767741697,1.04556087111935,"148","Aci_B_1"
149,"Aci_B_1",0.993623463831044,0.0286969127044751,281.784614330293,0.937135933267995,1.05011099439409,"149","Aci_B_1"
150,"Aci_B_1",0.998246108231568,0.0286597888368651,280.446031263542,0.941830491538157,1.05466172492498,"150","Aci_B_1"
151,"Aci_B_1",1.00286875263209,0.0286229767711697,279.121596063703,0.946524440298629,1.05921306496555,"151","Aci_B_1"
152,"Aci_B_1",1.00749139703261,0.0285864777119521,277.811278869751,0.951217777304653,1.06376501676058,"152","Aci_B_1"
153,"Aci_B_1",1.01211404143314,0.0285502928596667,276.515049449952,0.955910500320555,1.06831758254572,"153","Aci_B_1"
154,"Aci_B_1",1.01673668583366,0.028514423410501,275.232877218662,0.960602607120027,1.0728707645473,"154","Aci_B_1"
155,"Aci_B_1",1.02135933023419,0.028478870556216,273.964731252977,0.965294095486421,1.07742456498195,"155","Aci_B_1"
156,"Aci_B_1",1.02598197463471,0.0284436354839862,272.71058030937,0.969984963213035,1.08197898605638,"156","Aci_B_1"
157,"Aci_B_1",1.03060461903523,0.028408719376238,271.470392840215,0.974675208103407,1.08653402996706,"157","Aci_B_1"
158,"Aci_B_1",1.03522726343576,0.0283741234104878,270.244137010189,0.979364827971602,1.09108969889991,"158","Aci_B_1"
159,"Aci_B_1",1.03984990783628,0.0283398487591788,269.031780712659,0.984053820642506,1.09564599503005,"159","Aci_B_1"
160,"Aci_B_1",1.0444725522368,0.0283058965895175,267.833291585883,0.98874218395212,1.10020292052149,"160","Aci_B_1"
161,"Aci_B_1",1.04909519663733,0.0282722680633085,266.648637029192,0.99342991574785,1.1047604775268,"161","Aci_B_1"
162,"Aci_B_1",1.05371784103785,0.0282389643367898,265.477784219011,0.998117013888807,1.10931866818689,"162","Aci_B_1"
163,"Aci_B_1",1.05834048543837,0.0282059865604659,264.320700124824,1.00280347624609,1.11387749463065,"163","Aci_B_1"
164,"Aci_B_1",1.0629631298389,0.0281733358789418,263.177351524965,1.00748930070311,1.11843695897469,"164","Aci_B_1"
165,"Aci_B_1",1.06758577423942,0.0281410134307552,262.047705022366,1.01217448515583,1.12299706332301,"165","Aci_B_1"
166,"Aci_B_1",1.07220841863994,0.0281090203482087,260.931727060155,1.01685902751312,1.12755780976676,"166","Aci_B_1"
167,"Aci_B_1",1.07683106304047,0.0280773577572012,259.829383937095,1.02154292569703,1.1321192003839,"167","Aci_B_1"
168,"Aci_B_1",1.08145370744099,0.028046026777059,258.740641823004,1.02622617764306,1.13668123723892,"168","Aci_B_1"
169,"Aci_B_1",1.08607635184151,0.0280150285203664,257.665466773948,1.0309087813005,1.14124392238252,"169","Aci_B_1"
170,"Aci_B_1",1.09069899624204,0.0279843640927959,256.603824747363,1.0355907346327,1.14580725785137,"170","Aci_B_1"
171,"Aci_B_1",1.09532164064256,0.0279540345929381,255.55568161701,1.04027203561737,1.15037124566776,"171","Aci_B_1"
172,"Aci_B_1",1.09994428504308,0.027924041112131,254.521003187856,1.04495268224686,1.15493588783931,"172","Aci_B_1"
173,"Aci_B_1",1.10456692944361,0.0278943847342897,253.499755210746,1.04963267252849,1.15950118635873,"173","Aci_B_1"
174,"Aci_B_1",1.10918957384413,0.0278650665357353,252.491903396981,1.05431200448482,1.16406714320345,"174","Aci_B_1"
175,"Aci_B_1",1.11381221824466,0.0278360875850239,251.497413432744,1.05899067615395,1.16863376033536,"175","Aci_B_1"
176,"Aci_B_1",1.11843486264518,0.0278074489427758,250.516250993411,1.06366868558981,1.17320103970055,"176","Aci_B_1"
177,"Aci_B_1",1.1230575070457,0.0277791516615039,249.548381757646,1.06834603086245,1.17776898322896,"177","Aci_B_1"
178,"Aci_B_1",1.12768015144623,0.0277511967854429,248.593771421431,1.07302271005835,1.18233759283411,"178","Aci_B_1"
179,"Aci_B_1",1.13230279584675,0.0277235853503782,247.652385711882,1.07769872128068,1.18690687041282,"179","Aci_B_1"
180,"Aci_B_1",1.13692544024727,0.0276963183834751,246.724190400959,1.08237406264963,1.19147681784491,"180","Aci_B_1"
181,"Aci_B_1",1.1415480846478,0.0276693969031081,245.809151319001,1.08704873230267,1.19604743699293,"181","Aci_B_1"
182,"Aci_B_1",1.14617072904832,0.0276428219186903,244.907234368092,1.09172272839482,1.20061872970182,"182","Aci_B_1"
183,"Aci_B_1",1.15079337344884,0.0276165944305034,244.018405535308,1.096396049099,1.20519069779868,"183","Aci_B_1"
184,"Aci_B_1",1.15541601784937,0.0275907154295279,243.142630905753,1.10106869260626,1.20976334309247,"184","Aci_B_1"
185,"Aci_B_1",1.16003866224989,0.0275651858972736,242.279876675506,1.10574065712608,1.2143366673737,"185","Aci_B_1"
186,"Aci_B_1",1.16466130665041,0.0275400068056111,241.43010916432,1.11041194088664,1.21891067241418,"186","Aci_B_1"
187,"Aci_B_1",1.16928395105094,0.0275151791166031,240.59329482822,1.11508254213515,1.22348535996672,"187","Aci_B_1"
188,"Aci_B_1",1.17390659545146,0.0274907037823368,239.769400271911,1.11975245913806,1.22806073176486,"188","Aci_B_1"
189,"Aci_B_1",1.17852923985198,0.0274665817447568,238.958392261042,1.12442169018138,1.23263678952259,"189","Aci_B_1"
190,"Aci_B_1",1.18315188425251,0.0274428139354991,238.16023773424,1.12909023357095,1.23721353493407,"190","Aci_B_1"
191,"Aci_B_1",1.18777452865303,0.0274194012757249,237.374903815065,1.13375808763271,1.24179096967336,"191","Aci_B_1"
192,"Aci_B_1",1.19239717305355,0.0273963446759566,236.602357823703,1.13842525071296,1.24636909539415,"192","Aci_B_1"
193,"Aci_B_1",1.19701981745408,0.0273736450359136,235.842567288575,1.14309172117864,1.25094791372951,"193","Aci_B_1"
194,"Aci_B_1",1.2016424618546,0.0273513032443495,235.095499957677,1.14775749741762,1.25552742629158,"194","Aci_B_1"
195,"Aci_B_1",1.20626510625513,0.0273293201788908,234.361123809835,1.15242257783892,1.26010763467133,"195","Aci_B_1"
196,"Aci_B_1",1.21088775065565,0.0273076967058754,233.639407065726,1.15708696087298,1.26468854043831,"196","Aci_B_1"
197,"Aci_B_1",1.21551039505617,0.0272864336801938,232.930318198743,1.16175064497197,1.26927014514038,"197","Aci_B_1"
198,"Aci_B_1",1.2201330394567,0.0272655319451307,232.233825945691,1.16641362860997,1.27385245030342,"198","Aci_B_1"
199,"Aci_B_1",1.22475568385722,0.0272449923322078,231.549899317273,1.1710759102833,1.27843545743114,"199","Aci_B_1"
200,"Aci_B_1",1.22937832825774,0.0272248156610282,230.878507608462,1.17573748851071,1.28301916800478,"200","Aci_B_1"
201,"Aci_B_1",1.23400097265827,0.0272050027391226,230.219620408582,1.18039836183365,1.28760358348288,"201","Aci_B_1"
202,"Aci_B_1",1.23862361705879,0.0271855543617958,229.573207611334,1.18505852881655,1.29218870530103,"202","Aci_B_1"
203,"Aci_B_1",1.24324626145931,0.0271664713119762,228.939239424557,1.189717988047,1.29677453487162,"203","Aci_B_1"
204,"Aci_B_1",1.24786890585984,0.0271477543600662,228.317686379833,1.19437673813605,1.30136107358363,"204","Aci_B_1"
205,"Aci_B_1",1.25249155026036,0.0271294042637937,227.708519341909,1.19903477771838,1.30594832280234,"205","Aci_B_1"
206,"Aci_B_1",1.25711419466088,0.0271114217680665,227.111709517933,1.20369210545262,1.31053628386915,"206","Aci_B_1"
207,"Aci_B_1",1.26173683906141,0.0270938076048278,226.527228466521,1.20834872002149,1.31512495810133,"207","Aci_B_1"
208,"Aci_B_1",1.26635948346193,0.0270765624929135,225.95504810659,1.21300462013208,1.31971434679178,"208","Aci_B_1"
209,"Aci_B_1",1.27098212786245,0.0270596871379116,225.395140726087,1.21765980451606,1.32430445120885,"209","Aci_B_1"
210,"Aci_B_1",1.27560477226298,0.0270431822320241,224.847478990453,1.2223142719299,1.32889527259605,"210","Aci_B_1"
211,"Aci_B_1",1.2802274166635,0.0270270484539295,224.312035950954,1.22696802115509,1.33348681217192,"211","Aci_B_1"
212,"Aci_B_1",1.28485006106402,0.0270112864686493,223.788785052806,1.23162105099832,1.33807907112973,"212","Aci_B_1"
213,"Aci_B_1",1.28947270546455,0.0269958969274148,223.277700143107,1.23627336029173,1.34267205063737,"213","Aci_B_1"
214,"Aci_B_1",1.29409534986507,0.0269808804675378,222.778755478598,1.2409249478931,1.34726575183704,"214","Aci_B_1"
215,"Aci_B_1",1.2987179942656,0.0269662377122823,222.291925733224,1.24557581268604,1.35186017584515,"215","Aci_B_1"
216,"Aci_B_1",1.30334063866612,0.0269519692707389,221.817186005525,1.25022595358018,1.35645532375206,"216","Aci_B_1"
217,"Aci_B_1",1.30796328306664,0.0269380757377022,221.354511825811,1.25487536951139,1.36105119662189,"217","Aci_B_1"
218,"Aci_B_1",1.31258592746717,0.0269245576935499,220.90387916318,1.25952405944195,1.36564779549239,"218","Aci_B_1"
219,"Aci_B_1",1.31720857186769,0.0269114157041246,220.465264432337,1.26417202236071,1.37024512137467,"219","Aci_B_1"
220,"Aci_B_1",1.32183121626821,0.0268986503206183,220.038644500205,1.26881925728331,1.37484317525312,"220","Aci_B_1"
221,"Aci_B_1",1.32645386066874,0.0268862620794596,219.623996692381,1.27346576325234,1.37944195808514,"221","Aci_B_1"
222,"Aci_B_1",1.33107650506926,0.0268742515022031,219.221298799396,1.27811153933748,1.38404147080104,"222","Aci_B_1"
223,"Aci_B_1",1.33569914946978,0.026862619095422,218.83052908276,1.28275658463573,1.38864171430383,"223","Aci_B_1"
224,"Aci_B_1",1.34032179387031,0.0268513653506034,218.451666280848,1.2874008982715,1.39324268946911,"224","Aci_B_1"
225,"Aci_B_1",1.34494443827083,0.0268404907440462,218.084689614606,1.2920444793968,1.39784439714486,"225","Aci_B_1"
226,"Aci_B_1",1.34956708267135,0.0268299957367619,217.729578793019,1.2966873271914,1.4024468381513,"226","Aci_B_1"
227,"Aci_B_1",1.35418972707188,0.0268198807743786,217.386314018452,1.30132944086296,1.40705001328079,"227","Aci_B_1"
228,"Aci_B_1",1.3588123714724,0.0268101462870477,217.05487599176,1.30597081964718,1.41165392329763,"228","Aci_B_1"
229,"Aci_B_1",1.36343501587292,0.0268007926893534,216.735245917229,1.31061146280791,1.41625856893793,"229","Aci_B_1"
230,"Aci_B_1",1.36805766027345,0.0267918203802259,216.427405507336,1.31525136963735,1.42086395090955,"230","Aci_B_1"
231,"Aci_B_1",1.37268030467397,0.0267832297428572,216.131336987288,1.31989053945609,1.42547006989185,"231","Aci_B_1"
232,"Aci_B_1",1.3773029490745,0.0267750211446198,215.847023099418,1.32452897161329,1.4300769265357,"232","Aci_B_1"
233,"Aci_B_1",1.38192559347502,0.0267671949369896,215.574447107363,1.32916666548679,1.43468452146324,"233","Aci_B_1"
234,"Aci_B_1",1.38654823787554,0.0267597514554704,215.313592800064,1.33380362048321,1.43929285526788,"234","Aci_B_1"
235,"Aci_B_1",1.39117088227607,0.0267526910195234,215.064444495568,1.33843983603804,1.44390192851409,"235","Aci_B_1"
236,"Aci_B_1",1.39579352667659,0.0267460139324987,214.826987044684,1.34307531161578,1.4485117417374,"236","Aci_B_1"
237,"Aci_B_1",1.40041617107711,0.0267397204815707,214.601205834377,1.34771004671002,1.4531222954442,"237","Aci_B_1"
238,"Aci_B_1",1.40503881547764,0.0267338109376766,214.387086791064,1.35234404084352,1.45773359011175,"238","Aci_B_1"
239,"Aci_B_1",1.40966145987816,0.0267282855554586,214.18461638365,1.3569772935683,1.46234562618802,"239","Aci_B_1"
240,"Aci_B_1",1.41428410427868,0.0267231445732089,213.993781626423,1.36160980446573,1.46695840409163,"240","Aci_B_1"
241,"Aci_B_1",1.41890674867921,0.0267183882128188,213.814570081748,1.36624157314662,1.4715719242118,"241","Aci_B_1"
242,"Aci_B_1",1.42352939307973,0.0267140166797313,213.646969862559,1.37087259925122,1.47618618690823,"242","Aci_B_1"
243,"Aci_B_1",1.42815203748025,0.026710030162896,213.490969634701,1.3755028824494,1.48080119251111,"243","Aci_B_1"
244,"Aci_B_1",1.43277468188078,0.0267064288347293,213.346558619051,1.38013242244058,1.48541694132098,"244","Aci_B_1"
245,"Aci_B_1",1.4373973262813,0.0267032128510764,213.213726593498,1.38476121895389,1.49003343360871,"245","Aci_B_1"
246,"Aci_B_1",1.44201997068182,0.0267003823511784,213.092463894675,1.38938927174816,1.49465066961549,"246","Aci_B_1"
247,"Aci_B_1",1.44664261508235,0.0266979374576413,212.982761419572,1.39401658061197,1.49926864955272,"247","Aci_B_1"
248,"Aci_B_1",1.45126525948287,0.0266958782764105,212.884610626913,1.39864314536372,1.50388737360202,"248","Aci_B_1"
249,"Aci_B_1",1.45588790388339,0.0266942048967472,212.798003538406,1.40326896585161,1.50850684191518,"249","Aci_B_1"
250,"Aci_B_1",1.46051054828392,0.0266929173912089,212.72293273973,1.4078940419537,1.51312705461413,"250","Aci_B_1"
251,"Aci_B_1",1.46513319268444,0.0266920158156343,212.659391381425,1.41251837357794,1.51774801179094,"251","Aci_B_1"
252,"Aci_B_1",1.46975583708497,0.0266915002091308,212.607373179528,1.41714196066216,1.52236971350777,"252","Aci_B_1"
253,"Aci_B_1",1.47437848148549,0.0266913705940662,212.566872416091,1.42176480317408,1.5269921597969,"253","Aci_B_1"
254,"Aci_B_1",1.47900112588601,0.0266916269760635,212.537883939445,1.42638690111132,1.5316153506607,"254","Aci_B_1"
255,"Aci_B_1",1.48362377028654,0.0266922693440001,212.520403164349,1.43100825450143,1.53623928607164,"255","Aci_B_1"
256,"Aci_B_1",1.48824641468706,0.02669329767001,212.514426071914,1.43562886340184,1.54086396597228,"256","Aci_B_1"
257,"Aci_B_1",1.49286905908758,0.02669471190949,212.519949209369,1.44024872789984,1.54548939027533,"257","Aci_B_1"
258,"Aci_B_1",1.49749170348811,0.0266965120011092,212.536969689634,1.44486784811262,1.55011555886359,"258","Aci_B_1"
259,"Aci_B_1",1.50211434788863,0.0266986978668221,212.565485190704,1.4494862241872,1.55474247159006,"259","Aci_B_1"
260,"Aci_B_1",1.50673699228915,0.0267012694118861,212.605493954897,1.4541038563004,1.55937012827791,"260","Aci_B_1"
261,"Aci_B_1",1.51135963668968,0.0267042265248816,212.656994787853,1.45872074465884,1.56399852872051,"261","Aci_B_1"
262,"Aci_B_1",1.5159822810902,0.0267075690777361,212.719987057413,1.46333688949886,1.56862767268154,"262","Aci_B_1"
263,"Aci_B_1",1.52060492549072,0.026711296925752,212.794470692296,1.46795229108652,1.57325755989493,"263","Aci_B_1"
264,"Aci_B_1",1.52522756989125,0.026715409907638,212.880446180576,1.47256694971749,1.57788819006501,"264","Aci_B_1"
265,"Aci_B_1",1.52985021429177,0.0267199078455436,212.977914568045,1.47718086571704,1.5825195628665,"265","Aci_B_1"
266,"Aci_B_1",1.53447285869229,0.0267247905450979,213.086877456314,1.48179403943999,1.5871516779446,"266","Aci_B_1"
267,"Aci_B_1",1.53909550309282,0.0267300577954512,213.207337000795,1.48640647127058,1.59178453491505,"267","Aci_B_1"
268,"Aci_B_1",1.54371814749334,0.0267357093693201,213.339295908488,1.49101816162248,1.59641813336421,"268","Aci_B_1"
269,"Aci_B_1",1.54834079189386,0.0267417450230371,213.482757435595,1.49562911093862,1.60105247284911,"269","Aci_B_1"
270,"Aci_B_1",1.55296343629439,0.0267481644966023,213.637725384953,1.5002393196912,1.60568755289758,"270","Aci_B_1"
271,"Aci_B_1",1.55758608069491,0.0267549675137396,213.80420410328,1.50484878838153,1.61032337300829,"271","Aci_B_1"
272,"Aci_B_1",1.56220872509544,0.026762153781955,213.982198478288,1.50945751754,1.61495993265087,"272","Aci_B_1"
273,"Aci_B_1",1.56683136949596,0.0267697229926002,214.171713935558,1.51406550772592,1.619597231266,"273","Aci_B_1"
274,"Aci_B_1",1.57145401389648,0.0267776748209375,214.372756435282,1.51867275952744,1.62423526826553,"274","Aci_B_1"
275,"Aci_B_1",1.57607665829701,0.0267860089262097,214.585332468853,1.52327927356147,1.62887404303254,"275","Aci_B_1"
276,"Aci_B_1",1.58069930269753,0.026794724951712,214.809449055186,1.52788505047352,1.63351355492154,"276","Aci_B_1"
277,"Aci_B_1",1.58532194709805,0.0268038225248675,215.045113737008,1.53249009093763,1.63815380325848,"277","Aci_B_1"
278,"Aci_B_1",1.58994459149858,0.0268133012573066,215.292334576827,1.53709439565619,1.64279478734096,"278","Aci_B_1"
279,"Aci_B_1",1.5945672358991,0.0268231607449486,215.551120152839,1.54169796535987,1.64743650643833,"279","Aci_B_1"
280,"Aci_B_1",1.59918988029962,0.0268334005680871,215.821479554612,1.54630080080743,1.65207895979182,"280","Aci_B_1"
281,"Aci_B_1",1.60381252470015,0.0268440202914778,216.103422378595,1.55090290278562,1.65672214661467,"281","Aci_B_1"
282,"Aci_B_1",1.60843516910067,0.02685501946443,216.396958723504,1.55550427210905,1.66136606609229,"282","Aci_B_1"
283,"Aci_B_1",1.61305781350119,0.0268663976209008,216.702099185459,1.56010490961999,1.6660107173824,"283","Aci_B_1"
284,"Aci_B_1",1.61768045790172,0.0268781542795923,217.018854853023,1.56470481618826,1.67065609961518,"284","Aci_B_1"
285,"Aci_B_1",1.62230310230224,0.0268902889440516,217.347237302051,1.56930399271105,1.67530221189343,"285","Aci_B_1"
286,"Aci_B_1",1.62692574670276,0.0269028011027733,217.687258590336,1.57390244011277,1.67994905329275,"286","Aci_B_1"
287,"Aci_B_1",1.63154839110329,0.0269156902293063,218.038931252124,1.57850015934491,1.68459662286167,"287","Aci_B_1"
288,"Aci_B_1",1.63617103550381,0.026928955782361,218.402268292458,1.58309715138579,1.68924491962183,"288","Aci_B_1"
289,"Aci_B_1",1.64079367990433,0.0269425972059214,218.777283181353,1.58769341724048,1.69389394256819,"289","Aci_B_1"
290,"Aci_B_1",1.64541632430486,0.0269566139293585,219.163989847764,1.59228895794055,1.69854369066917,"290","Aci_B_1"
291,"Aci_B_1",1.65003896870538,0.0269710053675467,219.56240267347,1.59688377454393,1.70319416286683,"291","Aci_B_1"
292,"Aci_B_1",1.65466161310591,0.0269857709209829,219.972536486708,1.60147786813471,1.7078453580771,"292","Aci_B_1"
293,"Aci_B_1",1.65928425750643,0.0270009099759081,220.394406555696,1.60607123982292,1.71249727518994,"293","Aci_B_1"
294,"Aci_B_1",1.66390690190695,0.027016421904431,220.828028581968,1.61066389074437,1.71714991306953,"294","Aci_B_1"
295,"Aci_B_1",1.66852954630748,0.0270323060646538,221.273418693576,1.61525582206046,1.72180327055449,"295","Aci_B_1"
296,"Aci_B_1",1.673152190708,0.0270485618008022,221.730593438057,1.61984703495791,1.72645734645809,"296","Aci_B_1"
297,"Aci_B_1",1.67777483510852,0.0270651884433547,222.199569775349,1.62443753064864,1.7311121395684,"297","Aci_B_1"
298,"Aci_B_1",1.68239747950905,0.0270821853091765,222.680365070433,1.62902731036949,1.7357676486486,"298","Aci_B_1"
299,"Aci_B_1",1.68702012390957,0.0270995517016544,223.172997085893,1.63361637538204,1.7404238724371,"299","Aci_B_1"
300,"Aci_B_1",1.69164276831009,0.0271172869108341,223.677483974275,1.63820472697238,1.74508080964781,"300","Aci_B_1"
301,"Aci_B_1",1.69626541271062,0.0271353902135594,224.193844270322,1.64279236645088,1.74973845897035,"301","Aci_B_1"
302,"Aci_B_1",1.70088805711114,0.0271538608736137,224.722096882991,1.64737929515199,1.75439681907029,"302","Aci_B_1"
303,"Aci_B_1",1.70551070151166,0.0271726981418628,225.262261087402,1.65196551443399,1.75905588858934,"303","Aci_B_1"
304,"Aci_B_1",1.71013334591219,0.0271919012563999,225.814356516545,1.65655102567875,1.76371566614562,"304","Aci_B_1"
305,"Aci_B_1",1.71475599031271,0.0272114694426928,226.378403152871,1.66113583029152,1.7683761503339,"305","Aci_B_1"
306,"Aci_B_1",1.71937863471323,0.0272314019137317,226.954421319727,1.66571992970068,1.77303733972579,"306","Aci_B_1"
307,"Aci_B_1",1.72400127911376,0.02725169787018,227.542431672657,1.67030332535748,1.77769923287003,"307","Aci_B_1"
308,"Aci_B_1",1.72862392351428,0.0272723565005253,228.142455190478,1.67488601873584,1.78236182829273,"308","Aci_B_1"
309,"Aci_B_1",1.7332465679148,0.0272933769812331,228.754513166323,1.67946801133203,1.78702512449758,"309","Aci_B_1"
310,"Aci_B_1",1.73786921231533,0.0273147584769013,229.378627198408,1.68404930466452,1.79168911996614,"310","Aci_B_1"
311,"Aci_B_1",1.74249185671585,0.0273365001404164,230.014819180716,1.68862990027362,1.79635381315809,"311","Aci_B_1"
312,"Aci_B_1",1.74711450111638,0.0273586011131109,230.66311129356,1.6932097997213,1.80101920251145,"312","Aci_B_1"
313,"Aci_B_1",1.7517371455169,0.0273810605249219,231.323525993933,1.6977890045909,1.80568528644289,"313","Aci_B_1"
314,"Aci_B_1",1.75635978991742,0.0274038774945507,231.996086005728,1.70236751648689,1.81035206334795,"314","Aci_B_1"
315,"Aci_B_1",1.76098243431795,0.0274270511296245,232.680814309869,1.70694533703458,1.81501953160131,"315","Aci_B_1"
316,"Aci_B_1",1.76560507871847,0.0274505805268581,233.377734134214,1.71152246787985,1.81968768955709,"316","Aci_B_1"
317,"Aci_B_1",1.77022772311899,0.0274744647722171,234.086868943396,1.71609891068894,1.82435653554905,"317","Aci_B_1"
318,"Aci_B_1",1.77485036751952,0.0274987029410818,234.808242428442,1.7206746671481,1.82902606789093,"318","Aci_B_1"
319,"Aci_B_1",1.77947301192004,0.0275232940984126,235.541878496353,1.72524973896339,1.83369628487669,"319","Aci_B_1"
320,"Aci_B_1",1.78409565632056,0.0275482372989154,236.287801259425,1.72982412786036,1.83836718478077,"320","Aci_B_1"
321,"Aci_B_1",1.78871830072109,0.0275735315872085,237.046035024543,1.73439783558378,1.84303876585839,"321","Aci_B_1"
322,"Aci_B_1",1.79334094512161,0.0275991759979897,237.816604282279,1.7389708638974,1.84771102634582,"322","Aci_B_1"
323,"Aci_B_1",1.79796358952213,0.0276251695562041,238.599533695864,1.74354321458363,1.85238396446064,"323","Aci_B_1"
324,"Aci_B_1",1.80258623392266,0.0276515112772127,239.394848090049,1.74811488944325,1.85705757840206,"324","Aci_B_1"
325,"Aci_B_1",1.80720887832318,0.0276782001669619,240.202572439811,1.75268589029519,1.86173186635117,"325","Aci_B_1"
326,"Aci_B_1",1.8118315227237,0.0277052352221524,241.022731858944,1.75725621897619,1.86640682647122,"326","Aci_B_1"
327,"Aci_B_1",1.81645416712423,0.0277326154304091,241.855351588508,1.76182587734053,1.87108245690792,"327","Aci_B_1"
328,"Aci_B_1",1.82107681152475,0.0277603397704516,242.700456985199,1.76639486725976,1.87575875578975,"328","Aci_B_1"
329,"Aci_B_1",1.82569945592527,0.0277884072122651,243.558073509503,1.77096319062238,1.88043572122817,"329","Aci_B_1"
330,"Aci_B_1",1.8303221003258,0.0278168167172702,244.42822671385,1.7755308493336,1.885113351318,"330","Aci_B_1"
331,"Aci_B_1",1.83494474472632,0.0278455672384948,245.310942230532,1.780097845315,1.88979164413764,"331","Aci_B_1"
332,"Aci_B_1",1.83956738912685,0.0278746577207444,246.20624575958,1.78466418050429,1.8944705977494,"332","Aci_B_1"
333,"Aci_B_1",1.84419003352737,0.0279040871007735,247.114163056477,1.78922985685498,1.89915021019975,"333","Aci_B_1"
334,"Aci_B_1",1.84881267792789,0.0279338543074573,248.03471991982,1.79379487633611,1.90383047951968,"334","Aci_B_1"
335,"Aci_B_1",1.85343532232842,0.0279639582619617,248.967942178798,1.79835924093193,1.9085114037249,"335","Aci_B_1"
336,"Aci_B_1",1.85805796672894,0.027994397877915,249.913855680573,1.80292295264166,1.91319298081622,"336","Aci_B_1"
337,"Aci_B_1",1.86268061112946,0.0280251720615784,250.872486277631,1.80748601347916,1.91787520877976,"337","Aci_B_1"
338,"Aci_B_1",1.86730325552999,0.0280562797120169,251.84385981491,1.81204842547263,1.92255808558734,"338","Aci_B_1"
339,"Aci_B_1",1.87192589993051,0.0280877197212691,252.828002116905,1.81661019066435,1.92724160919667,"339","Aci_B_1"
340,"Aci_B_1",1.87654854433103,0.0281194909745181,253.824938974671,1.82117131111035,1.93192577755172,"340","Aci_B_1"
341,"Aci_B_1",1.88117118873156,0.0281515923502601,254.834696132668,1.82573178888015,1.93661058858297,"341","Aci_B_1"
342,"Aci_B_1",1.88579383313208,0.0281840227204747,255.857299275578,1.83029162605644,1.94129604020772,"342","Aci_B_1"
343,"Aci_B_1",1.8904164775326,0.028216780950793,256.892774014988,1.83485082473481,1.9459821303304,"343","Aci_B_1"
344,"Aci_B_1",1.89503912193313,0.0282498659006662,257.941145875998,1.83940938702343,1.95066885684282,"344","Aci_B_1"
345,"Aci_B_1",1.89966176633365,0.0282832764235336,259.002440283717,1.8439673150428,1.9553562176245,"345","Aci_B_1"
346,"Aci_B_1",1.90428441073417,0.0283170113669888,260.076682549733,1.8485246109254,1.96004421054295,"346","Aci_B_1"
347,"Aci_B_1",1.9089070551347,0.0283510695729479,261.163897858419,1.85308127681543,1.96473283345396,"347","Aci_B_1"
348,"Aci_B_1",1.91352969953522,0.0283854498778138,262.264111253208,1.85763731486854,1.9694220842019,"348","Aci_B_1"
349,"Aci_B_1",1.91815234393574,0.0284201511126423,263.377347622826,1.8621927272515,1.97411196061999,"349","Aci_B_1"
350,"Aci_B_1",1.92277498833627,0.0284551721033057,264.503631687316,1.86674751614193,1.97880246053061,"350","Aci_B_1"
351,"Aci_B_1",1.92739763273679,0.0284905116706573,265.642987984186,1.87130168372799,1.9834935817456,"351","Aci_B_1"
352,"Aci_B_1",1.93202027713732,0.0285261686306936,266.795440854282,1.87585523220812,1.98818532206651,"352","Aci_B_1"
353,"Aci_B_1",1.93664292153784,0.028562141794716,267.961014427795,1.88040816379074,1.99287767928493,"353","Aci_B_1"
354,"Aci_B_1",1.94126556593836,0.0285984299694923,269.139732610033,1.88496048069397,1.99757065118276,"354","Aci_B_1"
355,"Aci_B_1",1.94588821033889,0.0286350319574158,270.331619067248,1.8895121851453,2.00226423553247,"355","Aci_B_1"
356,"Aci_B_1",1.95051085473941,0.0286719465566656,271.536697212345,1.89406327938138,2.00695843009744,"356","Aci_B_1"
357,"Aci_B_1",1.95513349913993,0.0287091725613633,272.754990190575,1.89861376564768,2.01165323263219,"357","Aci_B_1"
358,"Aci_B_1",1.95975614354046,0.0287467087617311,273.986520865163,1.90316364619822,2.01634864088269,"358","Aci_B_1"
359,"Aci_B_1",1.96437878794098,0.0287845539442461,275.231311802903,1.90771292329529,2.02104465258667,"359","Aci_B_1"
360,"Aci_B_1",1.9690014323415,0.0288227068917969,276.489385259656,1.91226159920919,2.02574126547381,"360","Aci_B_1"
361,"Aci_B_1",1.97362407674203,0.0288611663838357,277.760763165917,1.91680967621792,2.03043847726613,"361","Aci_B_1"
362,"Aci_B_1",1.97824672114255,0.0288999311965313,279.045467112227,1.92135715660691,2.03513628567819,"362","Aci_B_1"
363,"Aci_B_1",1.98286936554307,0.0289390001029206,280.343518334664,1.92590404266877,2.03983468841738,"363","Aci_B_1"
364,"Aci_B_1",1.9874920099436,0.0289783718730576,281.654937700166,1.93045033670298,2.04453368318421,"364","Aci_B_1"
365,"Aci_B_1",1.99211465434412,0.0290180452741632,282.979745692016,1.93499604101564,2.0492332676726,"365","Aci_B_1"
366,"Aci_B_1",1.99673729874464,0.0290580190707718,284.31796239515,1.93954115791919,2.0539334395701,"366","Aci_B_1"
367,"Aci_B_1",2.00135994314517,0.0290982920248783,285.669607481482,1.94408568973215,2.05863419655818,"367","Aci_B_1"
368,"Aci_B_1",2.00598258754569,0.0291388628960814,287.034700195295,1.94862963877885,2.06333553631254,"368","Aci_B_1"
369,"Aci_B_1",2.01060523194621,0.0291797304417288,288.413259338529,1.95317300738914,2.06803745650329,"369","Aci_B_1"
370,"Aci_B_1",2.01522787634674,0.0292208934170582,289.805303256113,1.95771579789816,2.07273995479531,"370","Aci_B_1"
371,"Aci_B_1",2.01985052074726,0.0292623505753378,291.210849821278,1.96225801264609,2.07744302884844,"371","Aci_B_1"
372,"Aci_B_1",2.02447316514779,0.0293041006680068,292.62991642091,1.96679965397782,2.08214667631775,"372","Aci_B_1"
373,"Aci_B_1",2.02909580954831,0.0293461424448113,294.062519940822,1.97134072424277,2.08685089485385,"373","Aci_B_1"
374,"Aci_B_1",2.03371845394883,0.0293884746539427,295.508676751179,1.97588122579459,2.09155568210307,"374","Aci_B_1"
375,"Aci_B_1",2.03834109834936,0.029431096042171,296.968402691769,1.98042116099094,2.09626103570777,"375","Aci_B_1"
376,"Aci_B_1",2.04296374274988,0.0294740053549792,298.441713057462,1.98496053219318,2.10096695330658,"376","Aci_B_1"
377,"Aci_B_1",2.0475863871504,0.029517201336695,299.928622583559,1.9894993417662,2.10567343253461,"377","Aci_B_1"
378,"Aci_B_1",2.05220903155093,0.0295606827306208,301.429145431267,1.9940375920781,2.11038047102375,"378","Aci_B_1"
379,"Aci_B_1",2.05683167595145,0.0296044482791631,302.943295173128,1.9985752855,2.1150880664029,"379","Aci_B_1"
380,"Aci_B_1",2.06145432035197,0.0296484967239598,304.471084778574,2.00311242440576,2.11979621629819,"380","Aci_B_1"
381,"Aci_B_1",2.0660769647525,0.0296928268060058,306.012526599426,2.00764901117175,2.12450491833324,"381","Aci_B_1"
382,"Aci_B_1",2.07069960915302,0.0297374372657774,307.567632355531,2.01218504817665,2.12921417012939,"382","Aci_B_1"
383,"Aci_B_1",2.07532225355354,0.029782326843355,309.136413120377,2.01672053780114,2.13392396930594,"383","Aci_B_1"
384,"Aci_B_1",2.07994489795407,0.0298274942785442,310.718879306824,2.02125548242774,2.13863431348039,"384","Aci_B_1"
385,"Aci_B_1",2.08456754235459,0.0298729383109956,312.315040652886,2.02578988444054,2.14334520026864,"385","Aci_B_1"
386,"Aci_B_1",2.08919018675511,0.0299186576803221,313.92490620749,2.03032374622497,2.14805662728526,"386","Aci_B_1"
387,"Aci_B_1",2.09381283115564,0.029964651126216,315.548484316485,2.0348570701676,2.15276859214367,"387","Aci_B_1"
388,"Aci_B_1",2.09843547555616,0.0300109173885631,317.185782608541,2.0393898586559,2.15748109245642,"388","Aci_B_1"
389,"Aci_B_1",2.10305811995668,0.0300574552075567,318.836807981218,2.04392211407802,2.16219412583535,"389","Aci_B_1"
390,"Aci_B_1",2.10768076435721,0.0301042633238083,320.501566587165,2.04845383882258,2.16690768989184,"390","Aci_B_1"
391,"Aci_B_1",2.11230340875773,0.0301513404784576,322.180063820299,2.05298503527844,2.17162178223703,"391","Aci_B_1"
392,"Aci_B_1",2.11692605315825,0.0301986854132819,323.872304302153,2.0575157058345,2.17633640048201,"392","Aci_B_1"
393,"Aci_B_1",2.12154869755878,0.0302462968708011,325.578291868327,2.06204585287951,2.18105154223805,"393","Aci_B_1"
394,"Aci_B_1",2.1261713419593,0.0302941735943844,327.298029554993,2.06657547880181,2.1857672051168,"394","Aci_B_1"
395,"Aci_B_1",2.13079398635983,0.0303423143283526,329.031519585549,2.07110458598917,2.19048338673048,"395","Aci_B_1"
396,"Aci_B_1",2.13541663076035,0.0303907178180805,330.778763357414,2.07563317682857,2.19520008469213,"396","Aci_B_1"
397,"Aci_B_1",2.14003927516087,0.030439382810097,332.539761428836,2.08016125370602,2.19991729661573,"397","Aci_B_1"
398,"Aci_B_1",2.1446619195614,0.0304883080521837,334.314513505971,2.08468881900633,2.20463502011646,"398","Aci_B_1"
399,"Aci_B_1",2.14928456396192,0.0305374922934721,336.103018429982,2.08921587511294,2.2093532528109,"399","Aci_B_1"
400,"Aci_B_1",2.15390720836244,0.0305869342845382,337.905274164326,2.09374242440773,2.21407199231715,"400","Aci_B_1"
401,"Aci_B_1",2.15852985276297,0.0306366327774978,339.721277782112,2.09826846927083,2.21879123625511,"401","Aci_B_1"
402,"Aci_B_1",2.16315249716349,0.0306865865260968,341.551025453742,2.10279401208041,2.22351098224657,"402","Aci_B_1"
403,"Aci_B_1",2.16777514156401,0.0307367942858034,343.394512434563,2.10731905521253,2.22823122791549,"403","Aci_B_1"
404,"Aci_B_1",2.17239778596454,0.0307872548138959,345.251733052712,2.11184360104096,2.23295197088811,"404","Aci_B_1"
405,"Aci_B_1",2.17702043036506,0.0308379668695507,347.122680697202,2.11636765193697,2.23767320879315,"405","Aci_B_1"
406,"Aci_B_1",2.18164307476558,0.0308889292139277,349.007347806007,2.12089121026919,2.24239493926198,"406","Aci_B_1"
407,"Aci_B_1",2.18626571916611,0.0309401406102552,350.905725854539,2.12541427840341,2.24711715992881,"407","Aci_B_1"
408,"Aci_B_1",2.19088836356663,0.0309915998239117,352.817805344082,2.12993685870243,2.25183986843084,"408","Aci_B_1"
409,"Aci_B_1",2.19551100796715,0.0310433056225072,354.74357579053,2.13445895352589,2.25656306240842,"409","Aci_B_1"
410,"Aci_B_1",2.20013365236768,0.0310952567759632,356.683025713321,2.13898056523012,2.26128673950524,"410","Aci_B_1"
411,"Aci_B_1",2.2047562967682,0.0311474520565898,358.63614262445,2.14350169616793,2.26601089736847,"411","Aci_B_1"
412,"Aci_B_1",2.20937894116873,0.0311998902391633,360.602913017833,2.14802234868852,2.27073553364893,"412","Aci_B_1"
413,"Aci_B_1",2.21400158556925,0.0312525701009997,362.583322358698,2.15254252513726,2.27546064600124,"413","Aci_B_1"
414,"Aci_B_1",2.21862422996977,0.0313054904220291,364.577355073372,2.1570622278556,2.28018623208395,"414","Aci_B_1"
415,"Aci_B_1",2.2232468743703,0.0313586499848669,366.584994539067,2.16158145918086,2.28491228955973,"415","Aci_B_1"
416,"Aci_B_1",2.22786951877082,0.0314120475748848,368.606223074068,2.16610022144613,2.28963881609551,"416","Aci_B_1"
417,"Aci_B_1",2.23249216317134,0.0314656819802788,370.641021928017,2.17061851698009,2.2943658093626,"417","Aci_B_1"
418,"Aci_B_1",2.23711480757187,0.0315195519921375,372.689371272502,2.17513634810689,2.29909326703684,"418","Aci_B_1"
419,"Aci_B_1",2.24173745197239,0.031573656404507,374.75125019179,2.17965371714602,2.30382118679876,"419","Aci_B_1"
420,"Aci_B_1",2.24636009637291,0.0316279940144558,376.826636673886,2.18417062641214,2.30854956633369,"420","Aci_B_1"
421,"Aci_B_1",2.25098274077344,0.0316825636221381,378.915507601737,2.18868707821497,2.3132784033319,"421","Aci_B_1"
422,"Aci_B_1",2.25560538517396,0.0317373640308548,381.017838744783,2.19320307485916,2.31800769548876,"422","Aci_B_1"
423,"Aci_B_1",2.26022802957448,0.0317923940471138,383.133604750598,2.19771861864414,2.32273744050483,"423","Aci_B_1"
424,"Aci_B_1",2.26485067397501,0.0318476524806884,385.262779136989,2.20223371186404,2.32746763608598,"424","Aci_B_1"
425,"Aci_B_1",2.26947331837553,0.0319031381446753,387.405334284181,2.20674835680749,2.33219827994357,"425","Aci_B_1"
426,"Aci_B_1",2.27409596277605,0.0319588498555495,389.561241427302,2.21126255575759,2.33692936979452,"426","Aci_B_1"
427,"Aci_B_1",2.27871860717658,0.0320147864332199,391.730470649211,2.21577631099173,2.34166090336143,"427","Aci_B_1"
428,"Aci_B_1",2.2833412515771,0.0320709467010812,393.912990873507,2.22028962478148,2.34639287837273,"428","Aci_B_1"
429,"Aci_B_1",2.28796389597762,0.0321273294860665,396.108769857801,2.2248024993925,2.35112529256275,"429","Aci_B_1"
430,"Aci_B_1",2.29258654037815,0.0321839336186981,398.317774187322,2.22931493708442,2.35585814367188,"430","Aci_B_1"
431,"Aci_B_1",2.29720918477867,0.0322407579331355,400.539969268825,2.23382694011072,2.36059142944662,"431","Aci_B_1"
432,"Aci_B_1",2.3018318291792,0.0322978012672241,402.775319324663,2.23833851071866,2.36532514763973,"432","Aci_B_1"
433,"Aci_B_1",2.30645447357972,0.0323550624625413,405.023787387236,2.24284965114912,2.37005929601032,"433","Aci_B_1"
434,"Aci_B_1",2.31107711798024,0.0324125403644422,407.285335293804,2.24736036363654,2.37479387232395,"434","Aci_B_1"
435,"Aci_B_1",2.31569976238077,0.0324702338221027,409.559923681375,2.25187065040882,2.37952887435271,"435","Aci_B_1"
436,"Aci_B_1",2.32032240678129,0.0325281416885632,411.847511982094,2.25638051368723,2.38426429987535,"436","Aci_B_1"
437,"Aci_B_1",2.32494505118181,0.0325862628207694,414.148058418844,2.26088995568626,2.38900014667736,"437","Aci_B_1"
438,"Aci_B_1",2.32956769558234,0.0326445960796126,416.461520001206,2.26539897861362,2.39373641255105,"438","Aci_B_1"
439,"Aci_B_1",2.33419033998286,0.032703140329969,418.787852521629,2.26990758467008,2.39847309529564,"439","Aci_B_1"
440,"Aci_B_1",2.33881298438338,0.0327618944407374,421.127010552012,2.2744157760494,2.40321019271736,"440","Aci_B_1"
441,"Aci_B_1",2.34343562878391,0.032820857284876,423.478947440533,2.27892355493828,2.40794770262953,"441","Aci_B_1"
442,"Aci_B_1",2.34805827318443,0.032880027739437,425.843615308821,2.28343092351624,2.41268562285262,"442","Aci_B_1"
443,"Aci_B_1",2.35268091758495,0.0329394046856026,428.220965049529,2.28793788395553,2.41742395121438,"443","Aci_B_1"
444,"Aci_B_1",2.35730356198548,0.0329989870087163,430.610946324024,2.29244443842111,2.42216268554985,"444","Aci_B_1"
445,"Aci_B_1",2.361926206386,0.0330587735983167,433.013507560575,2.29695058907052,2.42690182370148,"445","Aci_B_1"
446,"Aci_B_1",2.36654885078652,0.0331187633481669,435.428595952831,2.30145633805383,2.43164136351922,"446","Aci_B_1"
447,"Aci_B_1",2.37117149518705,0.0331789551562851,437.856157458653,2.30596168751357,2.43638130286053,"447","Aci_B_1"
448,"Aci_B_1",2.37579413958757,0.033239347924974,440.296136799086,2.31046663958465,2.44112163959049,"448","Aci_B_1"
449,"Aci_B_1",2.38041678398809,0.0332999405608472,442.748477458028,2.31497119639432,2.44586237158187,"449","Aci_B_1"
450,"Aci_B_1",2.38503942838862,0.0333607319748568,445.213121681849,2.31947536006206,2.45060349671517,"450","Aci_B_1"
451,"Aci_B_1",2.38966207278914,0.0334217210823185,447.690010479597,2.32397913269958,2.45534501287871,"451","Aci_B_1"
452,"Aci_B_1",2.39428471718967,0.0334829068029367,450.179083623512,2.32848251641068,2.46008691796865,"452","Aci_B_1"
453,"Aci_B_1",2.39890736159019,0.0335442880608276,452.680279649705,2.33298551329126,2.46482920988911,"453","Aci_B_1"
454,"Aci_B_1",2.40353000599071,0.0336058637845424,455.193535859404,2.33748812542926,2.46957188655216,"454","Aci_B_1"
455,"Aci_B_1",2.40815265039124,0.0336676329070881,457.718788320432,2.34199035490456,2.47431494587792,"455","Aci_B_1"
456,"Aci_B_1",2.41277529479176,0.0337295943659489,460.255971869025,2.34649220378894,2.47905838579458,"456","Aci_B_1"
457,"Aci_B_1",2.41739793919228,0.0337917471031057,462.805020112022,2.35099367414608,2.48380220423848,"457","Aci_B_1"
458,"Aci_B_1",2.42202058359281,0.0338540900650547,465.365865429365,2.35549476803146,2.48854639915415,"458","Aci_B_1"
459,"Aci_B_1",2.42664322799333,0.0339166222028259,467.938438977018,2.35999548749231,2.49329096849435,"459","Aci_B_1"
460,"Aci_B_1",2.43126587239385,0.0339793424719989,470.522670690125,2.3644958345676,2.4980359102201,"460","Aci_B_1"
461,"Aci_B_1",2.43588851679438,0.0340422498327203,473.11848928662,2.36899581128799,2.50278122230077,"461","Aci_B_1"
462,"Aci_B_1",2.4405111611949,0.034105343249718,475.725822271106,2.37349541967575,2.50752690271405,"462","Aci_B_1"
463,"Aci_B_1",2.44513380559542,0.0341686216923164,478.344595939121,2.37799466174477,2.51227294944607,"463","Aci_B_1"
464,"Aci_B_1",2.44975644999595,0.0342320841344484,480.974735381768,2.38249353950051,2.51701936049139,"464","Aci_B_1"
465,"Aci_B_1",2.45437909439647,0.0342957295546701,483.616164490594,2.38699205493992,2.52176613385302,"465","Aci_B_1"
466,"Aci_B_1",2.45900173879699,0.034359556936171,486.26880596296,2.39149021005148,2.52651326754251,"466","Aci_B_1"
467,"Aci_B_1",2.46362438319752,0.0344235652667858,488.932581307646,2.39598800681511,2.53126075957993,"467","Aci_B_1"
468,"Aci_B_1",2.46824702759804,0.034487753539005,491.607410850838,2.40048544720215,2.53600860799393,"468","Aci_B_1"
469,"Aci_B_1",2.47286967199856,0.0345521207499832,494.29321374243,2.40498253317537,2.54075681082176,"469","Aci_B_1"
470,"Aci_B_1",2.47749231639909,0.0346166659015493,496.989907962765,2.40947926668886,2.54550536610931,"470","Aci_B_1"
471,"Aci_B_1",2.48211496079961,0.0346813880002132,499.697410329589,2.41397564968811,2.55025427191111,"471","Aci_B_1"
472,"Aci_B_1",2.48673760520014,0.0347462860571742,502.415636505432,2.41847168410989,2.55500352629038,"472","Aci_B_1"
473,"Aci_B_1",2.49136024960066,0.0348113590883264,505.14450100526,2.42296737188228,2.55975312731904,"473","Aci_B_1"
474,"Aci_B_1",2.49598289400118,0.0348766061142656,507.883917204536,2.42746271492464,2.56450307307773,"474","Aci_B_1"
475,"Aci_B_1",2.50060553840171,0.0349420261602936,510.633797347608,2.43195771514757,2.56925336165585,"475","Aci_B_1"
476,"Aci_B_1",2.50522818280223,0.0350076182564229,513.39405255638,2.43645237445291,2.57400399115155,"476","Aci_B_1"
477,"Aci_B_1",2.50985082720275,0.0350733814373811,516.164592839236,2.44094669473374,2.57875495967176,"477","Aci_B_1"
478,"Aci_B_1",2.51447347160328,0.0351393147426128,518.94532710063,2.44544067787431,2.58350626533224,"478","Aci_B_1"
479,"Aci_B_1",2.5190961160038,0.0352054172162833,521.736163150552,2.44993432575008,2.58825790625751,"479","Aci_B_1"
480,"Aci_B_1",2.52371876040432,0.0352716879072795,524.53700771461,2.45442764022768,2.59300988058096,"480","Aci_B_1"
481,"Aci_B_1",2.52834140480485,0.0353381258692121,527.347766444398,2.45892062316489,2.5977621864448,"481","Aci_B_1"
482,"Aci_B_1",2.53296404920537,0.0354047301604152,530.168343928101,2.46341327641066,2.60251482200008,"482","Aci_B_1"
483,"Aci_B_1",2.53758669360589,0.0354714998439472,532.998643701431,2.46790560180507,2.60726778540672,"483","Aci_B_1"
484,"Aci_B_1",2.54220933800642,0.0355384339875895,535.838568258926,2.47239760117934,2.6120210748335,"484","Aci_B_1"
485,"Aci_B_1",2.54683198240694,0.0356055316638463,538.688019065551,2.47688927635581,2.61677468845807,"485","Aci_B_1"
486,"Aci_B_1",2.55145462680746,0.0356727919499422,541.546896568555,2.48138062914796,2.62152862446697,"486","Aci_B_1"
487,"Aci_B_1",2.55607727120799,0.03574021392782,544.415100209634,2.48587166136036,2.62628288105561,"487","Aci_B_1"
488,"Aci_B_1",2.56069991560851,0.0358077966841387,547.292528437487,2.49036237478873,2.63103745642829,"488","Aci_B_1"
489,"Aci_B_1",2.56532256000903,0.0358755393102692,550.179078720553,2.49485277121986,2.63579234879821,"489","Aci_B_1"
490,"Aci_B_1",2.56994520440956,0.0359434409022915,553.074647560009,2.49934285243169,2.64054755638743,"490","Aci_B_1"
491,"Aci_B_1",2.57456784881008,0.0360115005609898,555.979130503303,2.50383262019324,2.64530307742693,"491","Aci_B_1"
492,"Aci_B_1",2.57919049321061,0.0360797173918478,558.892422157539,2.50832207626466,2.65005891015655,"492","Aci_B_1"
493,"Aci_B_1",2.58381313761113,0.0361480905050435,561.814416203627,2.5128112223972,2.65481505282506,"493","Aci_B_1"
494,"Aci_B_1",2.58843578201165,0.0362166190154441,564.745005410296,2.51730006033325,2.65957150369006,"494","Aci_B_1"
495,"Aci_B_1",2.59305842641218,0.0362853020425989,567.684081648721,2.52178859180629,2.66432826101806,"495","Aci_B_1"
496,"Aci_B_1",2.5976810708127,0.036354138710733,570.631535906969,2.52627681854096,2.66908532308444,"496","Aci_B_1"
497,"Aci_B_1",2.60230371521322,0.0364231281487408,573.587258305173,2.53076474225301,2.67384268817344,"497","Aci_B_1"
498,"Aci_B_1",2.60692635961375,0.0364922694901778,576.55113811083,2.53525236464932,2.67860035457817,"498","Aci_B_1"
499,"Aci_B_1",2.61154900401427,0.0365615618732531,579.523063753995,2.53973968742795,2.68335832060059,"499","Aci_B_1"
500,"Aci_B_1",2.61617164841479,0.0366310044408212,582.502922843227,2.54422671227809,2.68811658455149,"500","Aci_B_1"
0,"Aci_B_2",0.245665297534595,0.037593368997168,710.892441963023,0.171857987718,0.319472607351189,"0","Aci_B_2"
1,"Aci_B_2",0.249236385826617,0.0375016298204756,709.836468304949,0.17560900134899,0.322863770304244,"1","Aci_B_2"
2,"Aci_B_2",0.25280747411864,0.037409965942267,708.77491873806,0.179359866514616,0.326255081722664,"2","Aci_B_2"
3,"Aci_B_2",0.256378562410662,0.0373183779174016,707.707771084186,0.183110582120413,0.329646542700912,"3","Aci_B_2"
4,"Aci_B_2",0.259949650702685,0.0372268663057378,706.635003308009,0.186861147062059,0.333038154343311,"4","Aci_B_2"
5,"Aci_B_2",0.263520738994708,0.0371354316721833,705.556593523702,0.190611560225272,0.336429917764143,"5","Aci_B_2"
6,"Aci_B_2",0.26709182728673,0.0370440745867453,704.472520001333,0.194361820485715,0.339821834087745,"6","Aci_B_2"
7,"Aci_B_2",0.270662915578753,0.0369527956245822,703.382761173733,0.198111926708892,0.343213904448613,"7","Aci_B_2"
8,"Aci_B_2",0.274234003870775,0.0368615953660551,702.287295643155,0.201861877750047,0.346606129991504,"8","Aci_B_2"
9,"Aci_B_2",0.277805092162798,0.03677047439678,701.186102188425,0.205611672454062,0.349998511871534,"9","Aci_B_2"
10,"Aci_B_2",0.281376180454821,0.0366794333076803,700.079159771824,0.209361309655352,0.353391051254289,"10","Aci_B_2"
11,"Aci_B_2",0.284947268746843,0.0365884726950405,698.966447546488,0.213110788177762,0.356783749315924,"11","Aci_B_2"
12,"Aci_B_2",0.288518357038866,0.0364975931605596,697.847944863674,0.216860106834459,0.360176607243272,"12","Aci_B_2"
13,"Aci_B_2",0.292089445330888,0.0364067953114053,696.723631280197,0.220609264427828,0.363569626233948,"13","Aci_B_2"
14,"Aci_B_2",0.295660533622911,0.0363160797602693,695.593486566363,0.224358259749361,0.366962807496461,"14","Aci_B_2"
15,"Aci_B_2",0.299231621914934,0.0362254471254222,694.457490713283,0.22810709157955,0.370356152250317,"15","Aci_B_2"
16,"Aci_B_2",0.302802710206956,0.0361348980307697,693.315623941255,0.231855758687776,0.373749661726136,"16","Aci_B_2"
17,"Aci_B_2",0.306373798498979,0.0360444331059086,692.167866707557,0.2356042598322,0.377143337165758,"17","Aci_B_2"
18,"Aci_B_2",0.309944886791001,0.0359540529861845,691.014199714628,0.239352593759647,0.380537179822355,"18","Aci_B_2"
19,"Aci_B_2",0.313515975083024,0.0358637583127486,689.854603918575,0.243100759205499,0.383931190960549,"19","Aci_B_2"
20,"Aci_B_2",0.317087063375046,0.0357735497326163,688.689060537568,0.246848754893573,0.38732537185652,"20","Aci_B_2"
21,"Aci_B_2",0.320658151667069,0.0356834278987254,687.517551060589,0.250596579536012,0.390719723798126,"21","Aci_B_2"
22,"Aci_B_2",0.324229239959092,0.0355933934699958,686.340057256035,0.254344231833166,0.394114248085017,"22","Aci_B_2"
23,"Aci_B_2",0.327800328251114,0.0355034471113888,685.156561180834,0.258091710473475,0.397508946028754,"23","Aci_B_2"
24,"Aci_B_2",0.331371416543137,0.0354135894939678,683.967045189414,0.261839014133349,0.400903818952924,"24","Aci_B_2"
25,"Aci_B_2",0.334942504835159,0.0353238212949589,682.771491943106,0.265586141477051,0.404298868193267,"25","Aci_B_2"
26,"Aci_B_2",0.338513593127182,0.0352341431978125,681.569884419322,0.269333091156574,0.40769409509779,"26","Aci_B_2"
27,"Aci_B_2",0.342084681419205,0.0351445558922654,680.362205921368,0.27307986181152,0.411089501026889,"27","Aci_B_2"
28,"Aci_B_2",0.345655769711227,0.0350550600744031,679.14844008795,0.276826452068975,0.414485087353479,"28","Aci_B_2"
29,"Aci_B_2",0.34922685800325,0.0349656564467236,677.928570903037,0.280572860543389,0.417880855463111,"29","Aci_B_2"
30,"Aci_B_2",0.352797946295272,0.0348763457182003,676.702582706018,0.284319085836446,0.421276806754099,"30","Aci_B_2"
31,"Aci_B_2",0.356369034587295,0.0347871286043473,675.470460201832,0.288065126536941,0.424672942637649,"31","Aci_B_2"
32,"Aci_B_2",0.359940122879318,0.0346980058272836,674.232188471248,0.291810981220651,0.428069264537984,"32","Aci_B_2"
33,"Aci_B_2",0.36351121117134,0.0346089781157991,672.987752981366,0.295556648450206,0.431465773892475,"33","Aci_B_2"
34,"Aci_B_2",0.367082299463363,0.0345200462054202,671.73713959631,0.299302126774959,0.434862472151766,"34","Aci_B_2"
35,"Aci_B_2",0.370653387755385,0.0344312108384774,670.480334588077,0.303047414730857,0.438259360779914,"35","Aci_B_2"
36,"Aci_B_2",0.374224476047408,0.0343424727641714,669.217324647465,0.306792510840306,0.441656441254509,"36","Aci_B_2"
37,"Aci_B_2",0.377795564339431,0.034253832738642,667.948096895125,0.31053741361204,0.445053715066821,"37","Aci_B_2"
38,"Aci_B_2",0.381366652631453,0.0341652915250363,666.672638893094,0.314282121540985,0.448451183721921,"38","Aci_B_2"
39,"Aci_B_2",0.384937740923476,0.0340768498935775,665.390938656012,0.318026633108123,0.451848848738828,"39","Aci_B_2"
40,"Aci_B_2",0.388508829215498,0.0339885086216349,664.102984662871,0.321770946780358,0.455246711650639,"40","Aci_B_2"
41,"Aci_B_2",0.392079917507521,0.033900268493794,662.808765868791,0.325515061010374,0.458644774004667,"41","Aci_B_2"
42,"Aci_B_2",0.395651005799543,0.0338121303019277,661.508271716911,0.329258974236501,0.462043037362586,"42","Aci_B_2"
43,"Aci_B_2",0.399222094091566,0.0337240948452675,660.201492150566,0.333002684882568,0.465441503300564,"43","Aci_B_2"
44,"Aci_B_2",0.402793182383589,0.0336361629304755,658.888417625578,0.336746191357769,0.468840173409409,"44","Aci_B_2"
45,"Aci_B_2",0.406364270675611,0.0335483353717175,657.569039122615,0.340489492056513,0.472239049294709,"45","Aci_B_2"
46,"Aci_B_2",0.409935358967634,0.033460612990736,656.243348159732,0.344232585358287,0.47563813257698,"46","Aci_B_2"
47,"Aci_B_2",0.413506447259656,0.0333729966169241,654.911336805315,0.347975469627507,0.479037424891806,"47","Aci_B_2"
48,"Aci_B_2",0.417077535551679,0.0332854870874002,653.57299769085,0.351718143213373,0.482436927889985,"48","Aci_B_2"
49,"Aci_B_2",0.420648623843702,0.033198085247083,652.228324024065,0.35546060444972,0.485836643237683,"49","Aci_B_2"
50,"Aci_B_2",0.424219712135724,0.0331107919487669,650.877309602097,0.359202851654874,0.489236572616574,"50","Aci_B_2"
51,"Aci_B_2",0.427790800427747,0.033023608053199,649.519948825009,0.362944883131499,0.492636717723995,"51","Aci_B_2"
52,"Aci_B_2",0.431361888719769,0.0329365344291553,648.156236709171,0.366686697166445,0.496037080273093,"52","Aci_B_2"
53,"Aci_B_2",0.434932977011792,0.0328495719535186,646.786168901102,0.370428292030601,0.499437661992983,"53","Aci_B_2"
54,"Aci_B_2",0.438504065303815,0.0327627215113564,645.409741691294,0.374169665978738,0.502838464628891,"54","Aci_B_2"
55,"Aci_B_2",0.442075153595837,0.0326759839959999,644.02695202822,0.377910817249355,0.50623948994232,"55","Aci_B_2"
56,"Aci_B_2",0.44564624188786,0.0325893603091228,642.637797532425,0.381651744064526,0.509640739711194,"56","Aci_B_2"
57,"Aci_B_2",0.449217330179882,0.0325028513608214,641.242276511069,0.385392444629743,0.513042215730022,"57","Aci_B_2"
58,"Aci_B_2",0.452788418471905,0.0324164580696954,639.840387972064,0.389132917133757,0.516443919810053,"58","Aci_B_2"
59,"Aci_B_2",0.456359506763928,0.0323301813629281,638.432131638996,0.392873159748421,0.519845853779434,"59","Aci_B_2"
60,"Aci_B_2",0.45993059505595,0.0322440221763689,637.017507965725,0.396613170628529,0.523248019483371,"60","Aci_B_2"
61,"Aci_B_2",0.463501683347973,0.0321579814546149,635.59651815117,0.400352947911657,0.526650418784288,"61","Aci_B_2"
62,"Aci_B_2",0.467072771639995,0.0320720601510939,634.16916415465,0.404092489718,0.530053053561991,"62","Aci_B_2"
63,"Aci_B_2",0.470643859932018,0.0319862592281475,632.735448710817,0.407831794150207,0.533455925713829,"63","Aci_B_2"
64,"Aci_B_2",0.47421494822404,0.0319005796571154,631.295375344955,0.411570859293221,0.536859037154859,"64","Aci_B_2"
65,"Aci_B_2",0.477786036516063,0.0318150224184191,629.848948388648,0.415309683214113,0.540262389818013,"65","Aci_B_2"
66,"Aci_B_2",0.481357124808086,0.0317295885016478,628.396172995082,0.419048263961914,0.543665985654257,"66","Aci_B_2"
67,"Aci_B_2",0.484928213100108,0.0316442789056432,626.937055154867,0.422786599567447,0.547069826632769,"67","Aci_B_2"
68,"Aci_B_2",0.488499301392131,0.0315590946385856,625.471601711829,0.426524688043164,0.550473914741097,"68","Aci_B_2"
69,"Aci_B_2",0.492070389684153,0.0314740367180811,623.999820378983,0.430262527382972,0.553878251985334,"69","Aci_B_2"
70,"Aci_B_2",0.495641477976176,0.0313891061712478,622.521719754469,0.434000115562065,0.557282840390286,"70","Aci_B_2"
71,"Aci_B_2",0.499212566268199,0.0313043040348043,621.037309337866,0.437737450536753,0.560687681999644,"71","Aci_B_2"
72,"Aci_B_2",0.502783654560221,0.0312196313551569,619.546599546275,0.44147453024429,0.564092778876153,"72","Aci_B_2"
73,"Aci_B_2",0.506354742852244,0.0311350891884891,618.049601730718,0.445211352602698,0.567498133101789,"73","Aci_B_2"
74,"Aci_B_2",0.509925831144266,0.0310506786008501,616.546328192771,0.448947915510601,0.570903746777932,"74","Aci_B_2"
75,"Aci_B_2",0.513496919436289,0.0309664006682443,615.036792200842,0.452684216847041,0.574309622025537,"75","Aci_B_2"
76,"Aci_B_2",0.517068007728312,0.030882256476722,613.52100800703,0.45642025447131,0.577715760985314,"76","Aci_B_2"
77,"Aci_B_2",0.520639096020334,0.0307982471224691,611.998990863671,0.460156026222768,0.5811221658179,"77","Aci_B_2"
78,"Aci_B_2",0.524210184312357,0.0307143737118984,610.470757040187,0.463891529920671,0.584528838704043,"78","Aci_B_2"
79,"Aci_B_2",0.527781272604379,0.0306306373617408,608.936323840039,0.467626763363989,0.58793578184477,"79","Aci_B_2"
80,"Aci_B_2",0.531352360896402,0.0305470391991373,607.395709617437,0.471361724331229,0.591342997461575,"80","Aci_B_2"
81,"Aci_B_2",0.534923449188424,0.0304635803617308,605.848933794459,0.475096410580257,0.594750487796592,"81","Aci_B_2"
82,"Aci_B_2",0.538494537480447,0.0303802619977589,604.296016878184,0.478830819848115,0.59815825511278,"82","Aci_B_2"
83,"Aci_B_2",0.54206562577247,0.0302970852661465,602.736980477403,0.482564949850842,0.601566301694097,"83","Aci_B_2"
84,"Aci_B_2",0.545636714064492,0.0302140513365996,601.171847320115,0.486298798283295,0.60497462984569,"84","Aci_B_2"
85,"Aci_B_2",0.549207802356515,0.0301311613896981,599.600641270451,0.49003236281896,0.60838324189407,"85","Aci_B_2"
86,"Aci_B_2",0.552778890648537,0.0300484166169906,598.023387345828,0.493765641109778,0.611792140187296,"86","Aci_B_2"
87,"Aci_B_2",0.55634997894056,0.0299658182210879,596.44011173417,0.497498630785958,0.615201327095162,"87","Aci_B_2"
88,"Aci_B_2",0.559921067232583,0.0298833674157576,594.850841811155,0.501231329455791,0.618610805009374,"88","Aci_B_2"
89,"Aci_B_2",0.563492155524605,0.0298010654260194,593.255606157134,0.504963734705472,0.622020576343739,"89","Aci_B_2"
90,"Aci_B_2",0.567063243816628,0.0297189134882393,591.654434574651,0.50869584409891,0.625430643534345,"90","Aci_B_2"
91,"Aci_B_2",0.57063433210865,0.0296369128502255,590.047358105216,0.512427655177548,0.628841009039753,"91","Aci_B_2"
92,"Aci_B_2",0.574205420400673,0.0295550647713231,588.43440904667,0.516159165460176,0.63225167534117,"92","Aci_B_2"
93,"Aci_B_2",0.577776508692696,0.0294733705225105,586.815620970157,0.519890372442743,0.635662644942648,"93","Aci_B_2"
94,"Aci_B_2",0.581347596984718,0.0293918313864944,585.191028737138,0.523621273598179,0.639073920371257,"94","Aci_B_2"
95,"Aci_B_2",0.584918685276741,0.0293104486578061,583.560668516392,0.527351866376202,0.642485504177279,"95","Aci_B_2"
96,"Aci_B_2",0.588489773568763,0.0292292236428971,581.924577800825,0.531082148203137,0.645897398934389,"96","Aci_B_2"
97,"Aci_B_2",0.592060861860786,0.0291481576602355,580.282795424416,0.534812116481728,0.649309607239844,"97","Aci_B_2"
98,"Aci_B_2",0.595631950152809,0.0290672520404017,578.635361578819,0.538541768590954,0.652722131714663,"98","Aci_B_2"
99,"Aci_B_2",0.599203038444831,0.0289865081261846,576.982317830027,0.542271101885842,0.65613497500382,"99","Aci_B_2"
100,"Aci_B_2",0.602774126736854,0.0289059272726778,575.323707134926,0.546000113697283,0.659548139776424,"100","Aci_B_2"
101,"Aci_B_2",0.606345215028876,0.0288255108473752,573.659573857586,0.549728801331846,0.662961628725906,"101","Aci_B_2"
102,"Aci_B_2",0.609916303320899,0.0287452602302675,571.989963785586,0.553457162071594,0.666375444570204,"102","Aci_B_2"
103,"Aci_B_2",0.613487391612922,0.0286651768139374,570.314924146042,0.557185193173897,0.669789590051946,"103","Aci_B_2"
104,"Aci_B_2",0.617058479904944,0.0285852620036554,568.634503621689,0.560912891871253,0.673204067938636,"104","Aci_B_2"
105,"Aci_B_2",0.620629568196967,0.0285055172174756,566.948752366396,0.564640255371096,0.676618881022837,"105","Aci_B_2"
106,"Aci_B_2",0.624200656488989,0.0284259438863306,565.257722021048,0.568367280855623,0.680034032122355,"106","Aci_B_2"
107,"Aci_B_2",0.627771744781012,0.0283465434541263,563.561465728642,0.572093965481605,0.683449524080419,"107","Aci_B_2"
108,"Aci_B_2",0.631342833073034,0.028267317377837,561.86003814961,0.575820306380205,0.686865359765864,"108","Aci_B_2"
109,"Aci_B_2",0.634913921365057,0.0281882671275994,560.153495476783,0.579546300656802,0.690281542073312,"109","Aci_B_2"
110,"Aci_B_2",0.63848500965708,0.0281093941868066,558.441895449982,0.583271945390805,0.693698073923354,"110","Aci_B_2"
111,"Aci_B_2",0.642056097949102,0.0280307000522016,556.725297370481,0.58699723763548,0.697114958262725,"111","Aci_B_2"
112,"Aci_B_2",0.645627186241125,0.0279521862339702,555.003762115298,0.590722174417767,0.700532198064482,"112","Aci_B_2"
113,"Aci_B_2",0.649198274533147,0.0278738542558336,553.277352150905,0.594446752738108,0.703949796328187,"113","Aci_B_2"
114,"Aci_B_2",0.65276936282517,0.0277957056551402,551.546131546983,0.598170969570265,0.707367756080074,"114","Aci_B_2"
115,"Aci_B_2",0.656340451117193,0.0277177419829569,549.81016598954,0.601894821861156,0.71078608037323,"115","Aci_B_2"
116,"Aci_B_2",0.659911539409215,0.0276399648041598,548.06952279403,0.60561830653067,0.71420477228776,"116","Aci_B_2"
117,"Aci_B_2",0.663482627701238,0.0275623756975239,546.324270917836,0.609341420471507,0.717623834930968,"117","Aci_B_2"
118,"Aci_B_2",0.66705371599326,0.0274849762558121,544.574480972495,0.613064160549003,0.721043271437517,"118","Aci_B_2"
119,"Aci_B_2",0.670624804285283,0.0274077680858639,542.820225235707,0.616786523600963,0.724463084969602,"119","Aci_B_2"
120,"Aci_B_2",0.674195892577306,0.0273307528086821,541.061577662683,0.620508506437498,0.727883278717113,"120","Aci_B_2"
121,"Aci_B_2",0.677766980869328,0.0272539320595195,539.298613897175,0.624230105840857,0.731303855897799,"121","Aci_B_2"
122,"Aci_B_2",0.681338069161351,0.0271773074879645,537.531411282327,0.627951318565271,0.73472481975743,"122","Aci_B_2"
123,"Aci_B_2",0.684909157453373,0.0271008807580247,535.760048870563,0.631672141336792,0.738146173569955,"123","Aci_B_2"
124,"Aci_B_2",0.688480245745396,0.0270246535482108,533.98460743368,0.635392570853132,0.741567920637659,"124","Aci_B_2"
125,"Aci_B_2",0.692051334037418,0.0269486275516177,532.205169471831,0.639112603783519,0.744990064291318,"125","Aci_B_2"
126,"Aci_B_2",0.695622422329441,0.0268728044760057,530.42181922245,0.642832236768535,0.748412607890347,"126","Aci_B_2"
127,"Aci_B_2",0.699193510621464,0.0267971860438797,528.634642668449,0.646551466419974,0.751835554822954,"127","Aci_B_2"
128,"Aci_B_2",0.702764598913486,0.0267217739925666,526.843727546044,0.650270289320695,0.755258908506277,"128","Aci_B_2"
129,"Aci_B_2",0.706335687205509,0.0266465700742921,525.049163351896,0.653988702024481,0.758682672386537,"129","Aci_B_2"
130,"Aci_B_2",0.709906775497531,0.026571576056255,523.251041349803,0.657706701055896,0.762106849939166,"130","Aci_B_2"
131,"Aci_B_2",0.713477863789554,0.0264967937207009,521.449454576688,0.661424282910156,0.765531444668952,"131","Aci_B_2"
132,"Aci_B_2",0.717048952081577,0.0264222248649928,519.644497848181,0.665141444052989,0.768956460110164,"132","Aci_B_2"
133,"Aci_B_2",0.720620040373599,0.0263478713016812,517.836267763473,0.668858180920515,0.772381899826683,"133","Aci_B_2"
134,"Aci_B_2",0.724191128665622,0.0262737348585714,516.024862709425,0.672574489919117,0.775807767412127,"134","Aci_B_2"
135,"Aci_B_2",0.727762216957644,0.0261998173787891,514.210382864378,0.67629036742532,0.779234066489969,"135","Aci_B_2"
136,"Aci_B_2",0.731333305249667,0.0261261207208444,512.392930200932,0.680005809785681,0.782660800713653,"136","Aci_B_2"
137,"Aci_B_2",0.73490439354169,0.0260526467586924,510.572608488273,0.683720813316672,0.786087973766707,"137","Aci_B_2"
138,"Aci_B_2",0.738475481833712,0.0259793973817931,508.74952329379,0.687435374304575,0.789515589362849,"138","Aci_B_2"
139,"Aci_B_2",0.742046570125735,0.0259063744951677,506.923781983835,0.691149489005383,0.792943651246087,"139","Aci_B_2"
140,"Aci_B_2",0.745617658417757,0.0258335800194528,505.095493723945,0.694863153644698,0.796372163190816,"140","Aci_B_2"
141,"Aci_B_2",0.74918874670978,0.0257610158909525,503.264769478207,0.698576364417646,0.799801129001914,"141","Aci_B_2"
142,"Aci_B_2",0.752759835001803,0.0256886840616872,501.431722007937,0.702289117488785,0.80323055251482,"142","Aci_B_2"
143,"Aci_B_2",0.756330923293825,0.0256165864994401,499.596465869502,0.706001408992027,0.806660437595623,"143","Aci_B_2"
144,"Aci_B_2",0.759902011585848,0.0255447251878007,497.759117411449,0.709713235030567,0.810090788141128,"144","Aci_B_2"
145,"Aci_B_2",0.76347309987787,0.0254731021262047,495.919794770714,0.713424591676808,0.813521608078932,"145","Aci_B_2"
146,"Aci_B_2",0.767044188169893,0.0254017193299724,494.078617868195,0.717135474972303,0.816952901367482,"146","Aci_B_2"
147,"Aci_B_2",0.770615276461916,0.0253305788303421,492.235708403301,0.720845880927699,0.820384671996132,"147","Aci_B_2"
148,"Aci_B_2",0.774186364753938,0.0252596826745011,490.391189847785,0.724555805522688,0.823816923985189,"148","Aci_B_2"
149,"Aci_B_2",0.777757453045961,0.0251890329256137,488.545187438638,0.728265244705962,0.82724966138596,"149","Aci_B_2"
150,"Aci_B_2",0.781328541337983,0.0251186316628445,486.697828170266,0.731974194395183,0.830682888280783,"150","Aci_B_2"
151,"Aci_B_2",0.784899629630006,0.0250484809813788,484.849240785454,0.735682650476954,0.834116608783057,"151","Aci_B_2"
152,"Aci_B_2",0.788470717922028,0.0249785829924393,482.999555765901,0.739390608806798,0.837550827037259,"152","Aci_B_2"
153,"Aci_B_2",0.792041806214051,0.0249089398232984,481.148905321404,0.743098065209147,0.840985547218955,"153","Aci_B_2"
154,"Aci_B_2",0.795612894506074,0.0248395536172868,479.297423378422,0.746805015477338,0.844420773534809,"154","Aci_B_2"
155,"Aci_B_2",0.799183982798096,0.0247704265337977,477.445245567584,0.75051145537362,0.847856510222572,"155","Aci_B_2"
156,"Aci_B_2",0.802755071090119,0.024701560748287,475.592509210261,0.754217380629166,0.851292761551072,"156","Aci_B_2"
157,"Aci_B_2",0.806326159382141,0.0246329584522688,473.739353304268,0.757922786944094,0.854729531820189,"157","Aci_B_2"
158,"Aci_B_2",0.809897247674164,0.0245646218533061,471.885918508495,0.761627669987503,0.858166825360825,"158","Aci_B_2"
159,"Aci_B_2",0.813468335966187,0.0244965531749977,470.032347126707,0.765332025397508,0.861604646534865,"159","Aci_B_2"
160,"Aci_B_2",0.817039424258209,0.0244287546569591,468.178783090214,0.769035848781299,0.865042999735119,"160","Aci_B_2"
161,"Aci_B_2",0.820610512550232,0.0243612285547989,466.325371939765,0.772739135715195,0.868481889385269,"161","Aci_B_2"
162,"Aci_B_2",0.824181600842254,0.0242939771400904,464.472260806242,0.776441881744718,0.871921319939791,"162","Aci_B_2"
163,"Aci_B_2",0.827752689134277,0.0242270027003376,462.619598390567,0.780144082384675,0.875361295883879,"163","Aci_B_2"
164,"Aci_B_2",0.831323777426299,0.0241603075389353,460.767534942514,0.783845733119251,0.878801821733348,"164","Aci_B_2"
165,"Aci_B_2",0.834894865718322,0.0240938939751246,458.916222238448,0.787546829402115,0.882242902034529,"165","Aci_B_2"
166,"Aci_B_2",0.838465954010345,0.0240277643439417,457.065813558307,0.791247366656529,0.88568454136416,"166","Aci_B_2"
167,"Aci_B_2",0.842037042302367,0.0239619209961615,455.216463661303,0.794947340275482,0.889126744329252,"167","Aci_B_2"
168,"Aci_B_2",0.84560813059439,0.0238963662982349,453.36832876089,0.798646745621827,0.892569515566953,"168","Aci_B_2"
169,"Aci_B_2",0.849179218886413,0.0238311026322198,451.521566498525,0.802345578028431,0.896012859744394,"169","Aci_B_2"
170,"Aci_B_2",0.852750307178435,0.0237661323957056,449.676335916495,0.806043832798341,0.899456781558529,"170","Aci_B_2"
171,"Aci_B_2",0.856321395470458,0.0237014580017318,447.832797429897,0.809741505204961,0.902901285735954,"171","Aci_B_2"
172,"Aci_B_2",0.85989248376248,0.0236370818786997,445.991112797382,0.813438590492242,0.906346377032718,"172","Aci_B_2"
173,"Aci_B_2",0.863463572054503,0.0235730064702763,444.151445091096,0.817135083874887,0.909792060234119,"173","Aci_B_2"
174,"Aci_B_2",0.867034660346525,0.0235092342352928,442.313958665589,0.820830980538568,0.913238340154483,"174","Aci_B_2"
175,"Aci_B_2",0.870605748638548,0.0234457676476348,440.47881912568,0.824526275640157,0.916685221636939,"175","Aci_B_2"
176,"Aci_B_2",0.874176836930571,0.0233826091961256,438.646193293513,0.828220964307977,0.920132709553165,"176","Aci_B_2"
177,"Aci_B_2",0.877747925222593,0.0233197613844017,436.816249174462,0.831915041642058,0.923580808803129,"177","Aci_B_2"
178,"Aci_B_2",0.881319013514616,0.0232572267307814,434.989155922327,0.835608502714416,0.927029524314815,"178","Aci_B_2"
179,"Aci_B_2",0.884890101806638,0.0231950077681244,433.165083803315,0.839301342569348,0.930478861043929,"179","Aci_B_2"
180,"Aci_B_2",0.888461190098661,0.0231331070436846,431.344204159325,0.842993556223732,0.93392882397359,"180","Aci_B_2"
181,"Aci_B_2",0.892032278390684,0.023071527118954,429.526689370241,0.84668513866736,0.937379418114007,"181","Aci_B_2"
182,"Aci_B_2",0.895603366682706,0.0230102705694985,427.712712815278,0.850376084863271,0.940830648502141,"182","Aci_B_2"
183,"Aci_B_2",0.899174454974729,0.0229493399847854,425.902448833541,0.85406638974811,0.944282520201347,"183","Aci_B_2"
184,"Aci_B_2",0.902745543266751,0.0228887379680019,424.096072683633,0.857756048232503,0.947735038300999,"184","Aci_B_2"
185,"Aci_B_2",0.906316631558774,0.0228284671358651,422.2937605025,0.861445055201447,0.951188207916101,"185","Aci_B_2"
186,"Aci_B_2",0.909887719850797,0.0227685301184231,420.495689263395,0.865133405514718,0.954642034186875,"186","Aci_B_2"
187,"Aci_B_2",0.913458808142819,0.0227089295588463,418.702036732981,0.868821094007298,0.958096522278341,"187","Aci_B_2"
188,"Aci_B_2",0.917029896434842,0.0226496681132105,416.912981427815,0.872508115489819,0.961551677379865,"188","Aci_B_2"
189,"Aci_B_2",0.920600984726864,0.0225907484502699,415.128702569884,0.876194464749027,0.965007504704701,"189","Aci_B_2"
190,"Aci_B_2",0.924172073018887,0.02253217325122,413.349380041479,0.879880136548264,0.96846400948951,"190","Aci_B_2"
191,"Aci_B_2",0.92774316131091,0.0224739452094523,411.575194339403,0.883565125627966,0.971921196993853,"191","Aci_B_2"
192,"Aci_B_2",0.931314249602932,0.022416067030297,409.806326528358,0.887249426706185,0.975379072499679,"192","Aci_B_2"
193,"Aci_B_2",0.934885337894955,0.0223585414307578,408.04295819382,0.89093303447913,0.97883764131078,"193","Aci_B_2"
194,"Aci_B_2",0.938456426186977,0.022301371139235,406.28527139413,0.894615943621722,0.982296908752232,"194","Aci_B_2"
195,"Aci_B_2",0.942027514479,0.0222445588952385,404.533448612048,0.89829814878818,0.985756880169819,"195","Aci_B_2"
196,"Aci_B_2",0.945598602771022,0.0221881074490909,402.787672705796,0.901979644612614,0.989217560929431,"196","Aci_B_2"
197,"Aci_B_2",0.949169691063045,0.0221320195616195,401.048126859342,0.905660425709647,0.992678956416443,"197","Aci_B_2"
198,"Aci_B_2",0.952740779355068,0.022076298003838,399.31499453241,0.909340486675061,0.996141072035075,"198","Aci_B_2"
199,"Aci_B_2",0.95631186764709,0.0220209455566161,397.588459409831,0.913019822086451,0.999603913207729,"199","Aci_B_2"
200,"Aci_B_2",0.959882955939113,0.0219659650103401,395.868705350498,0.916698426503915,1.00306748537431,"200","Aci_B_2"
201,"Aci_B_2",0.963454044231135,0.0219113591645602,394.155916335973,0.920376294470756,1.00653179399151,"201","Aci_B_2"
202,"Aci_B_2",0.967025132523158,0.0218571308276285,392.450276418524,0.924053420514208,1.00999684453211,"202","Aci_B_2"
203,"Aci_B_2",0.970596220815181,0.0218032828163243,390.751969668935,0.927729799146184,1.01346264248418,"203","Aci_B_2"
204,"Aci_B_2",0.974167309107203,0.0217498179554684,389.061180124187,0.931405424864046,1.01692919335036,"204","Aci_B_2"
205,"Aci_B_2",0.977738397399226,0.0216967390775261,387.378091734343,0.9350802921514,1.02039650264705,"205","Aci_B_2"
206,"Aci_B_2",0.981309485691248,0.0216440490221983,385.702888309771,0.938754395478907,1.02386457590359,"206","Aci_B_2"
207,"Aci_B_2",0.984880573983271,0.0215917506360008,384.035753467811,0.942427729305118,1.02733341866142,"207","Aci_B_2"
208,"Aci_B_2",0.988451662275294,0.0215398467718319,382.376870579391,0.946100288077341,1.03080303647325,"208","Aci_B_2"
209,"Aci_B_2",0.992022750567316,0.0214883402885284,380.726422715469,0.949772066232514,1.03427343490212,"209","Aci_B_2"
210,"Aci_B_2",0.995593838859339,0.0214372340504093,379.084592593493,0.953443058198115,1.03774461952056,"210","Aci_B_2"
211,"Aci_B_2",0.999164927151361,0.0213865309268078,377.451562523659,0.957113258393088,1.04121659590963,"211","Aci_B_2"
212,"Aci_B_2",1.00273601544338,0.0213362337915909,375.827514355312,0.960782661228791,1.04468936965798,"212","Aci_B_2"
213,"Aci_B_2",1.00630710373541,0.0212863455226675,374.212629423323,0.964451261109973,1.04816294636084,"213","Aci_B_2"
214,"Aci_B_2",1.00987819202743,0.0212368690014838,372.607088494473,0.968119052435763,1.0516373316191,"214","Aci_B_2"
215,"Aci_B_2",1.01344928031945,0.0211878071125075,371.011071714075,0.971786029600696,1.05511253103821,"215","Aci_B_2"
216,"Aci_B_2",1.01702036861147,0.0211391627426988,369.424758552647,0.97545218699575,1.0585885502272,"216","Aci_B_2"
217,"Aci_B_2",1.0205914569035,0.0210909387809701,367.848327752845,0.979117519009408,1.06206539479759,"217","Aci_B_2"
218,"Aci_B_2",1.02416254519552,0.0210431381176333,366.281957276596,0.98278202002875,1.06554307036229,"218","Aci_B_2"
219,"Aci_B_2",1.02773363348754,0.0209957636438353,364.725824252551,0.986445684440558,1.06902158253453,"219","Aci_B_2"
220,"Aci_B_2",1.03130472177956,0.020948818250981,363.180104923813,0.990108506632448,1.07250093692668,"220","Aci_B_2"
221,"Aci_B_2",1.03487581007159,0.0209023048301454,361.644974595959,0.993770480994024,1.07598113914915,"221","Aci_B_2"
222,"Aci_B_2",1.03844689836361,0.0208562262714721,360.120607585675,0.997431601918057,1.07946219480916,"222","Aci_B_2"
223,"Aci_B_2",1.04201798665563,0.0208105854635618,358.607177169554,1.00109186380168,1.08294410950959,"223","Aci_B_2"
224,"Aci_B_2",1.04558907494766,0.0207653852928477,357.104855533568,1.0047512610476,1.08642688884771,"224","Aci_B_2"
225,"Aci_B_2",1.04916016323968,0.0207206286429602,355.61381372293,1.00840978806535,1.089910538414,"225","Aci_B_2"
226,"Aci_B_2",1.0527312515317,0.0206763183940795,354.134221592589,1.01206743927257,1.09339506379083,"226","Aci_B_2"
227,"Aci_B_2",1.05630233982372,0.0206324574222771,352.666247758284,1.01572420909623,1.09688047055122,"227","Aci_B_2"
228,"Aci_B_2",1.05987342811575,0.0205890485988461,351.210059548131,1.01938009197399,1.1003667642575,"228","Aci_B_2"
229,"Aci_B_2",1.06344451640777,0.0205460947896201,349.765822955097,1.02303508235553,1.10385395046001,"229","Aci_B_2"
230,"Aci_B_2",1.06701560469979,0.0205035988542818,348.333702589861,1.02668917470383,1.10734203469575,"230","Aci_B_2"
231,"Aci_B_2",1.07058669299181,0.02046156364566,346.913861634613,1.03034236349659,1.11083102248703,"231","Aci_B_2"
232,"Aci_B_2",1.07415778128384,0.0204199920090172,345.506461797605,1.03399464322761,1.11432091934006,"232","Aci_B_2"
233,"Aci_B_2",1.07772886957586,0.0203788867813258,344.111663268378,1.03764600840816,1.11781173074356,"233","Aci_B_2"
234,"Aci_B_2",1.08129995786788,0.0203382507905353,342.72962467385,1.04129645356842,1.12130346216734,"234","Aci_B_2"
235,"Aci_B_2",1.0848710461599,0.0202980868548285,341.360503035343,1.04494597325892,1.12479611906089,"235","Aci_B_2"
236,"Aci_B_2",1.08844213445193,0.0202583977818695,340.004453726386,1.04859456205197,1.12828970685188,"236","Aci_B_2"
237,"Aci_B_2",1.09201322274395,0.0202191863680413,338.661630431459,1.05224221454318,1.13178423094472,"237","Aci_B_2"
238,"Aci_B_2",1.09558431103597,0.0201804553976753,337.33218510561,1.05588892535287,1.13527969671907,"238","Aci_B_2"
239,"Aci_B_2",1.09915539932799,0.0201422076422714,336.01626793518,1.05953468912765,1.13877610952833,"239","Aci_B_2"
240,"Aci_B_2",1.10272648762002,0.0201044458597106,334.714027299301,1.06317950054189,1.14227347469814,"240","Aci_B_2"
241,"Aci_B_2",1.10629757591204,0.0200671727934587,333.4256097326,1.06682335429926,1.14577179752482,"241","Aci_B_2"
242,"Aci_B_2",1.10986866420406,0.0200303911717636,332.151159888724,1.07046624513426,1.14927108327387,"242","Aci_B_2"
243,"Aci_B_2",1.11343975249608,0.0199941037068442,330.89082050507,1.0741081678138,1.15277133717836,"243","Aci_B_2"
244,"Aci_B_2",1.11701084078811,0.0199583130940734,329.644732368434,1.07774911713877,1.15627256443744,"244","Aci_B_2"
245,"Aci_B_2",1.12058192908013,0.0199230220111538,328.413034281878,1.08138908794558,1.15977477021468,"245","Aci_B_2"
246,"Aci_B_2",1.12415301737215,0.0198882331172887,327.195863032514,1.08502807510777,1.16327795963654,"246","Aci_B_2"
247,"Aci_B_2",1.12772410566417,0.0198539490523462,325.993353360558,1.08866607353761,1.16678213779074,"247","Aci_B_2"
248,"Aci_B_2",1.1312951939562,0.0198201724360193,324.805637929323,1.09230307818772,1.17028730972467,"248","Aci_B_2"
249,"Aci_B_2",1.13486628224822,0.0197869058669808,323.632847296447,1.09593908405264,1.1737934804438,"249","Aci_B_2"
250,"Aci_B_2",1.13843737054024,0.0197541519220346,322.475109886276,1.09957408617046,1.17730065491002,"250","Aci_B_2"
251,"Aci_B_2",1.14200845883226,0.0197219131552627,321.332551963173,1.1032080796245,1.18080883804003,"251","Aci_B_2"
252,"Aci_B_2",1.14557954712429,0.0196901920971702,320.205297606263,1.10684105954483,1.18431803470374,"252","Aci_B_2"
253,"Aci_B_2",1.14915063541631,0.019658991253827,319.093468685112,1.11047302111002,1.1878282497226,"253","Aci_B_2"
254,"Aci_B_2",1.15272172370833,0.0196283131060077,317.997184836449,1.11410395954867,1.191339487868,"254","Aci_B_2"
255,"Aci_B_2",1.15629281200036,0.01959816010833,316.916563442418,1.11773387014111,1.1948517538596,"255","Aci_B_2"
256,"Aci_B_2",1.15986390029238,0.0195685346883931,315.851719609578,1.12136274822102,1.19836505236374,"256","Aci_B_2"
257,"Aci_B_2",1.1634349885844,0.0195394392459147,314.80276614917,1.12499058917703,1.20187938799177,"257","Aci_B_2"
258,"Aci_B_2",1.16700607687642,0.0195108761518691,313.769813558627,1.1286173884544,1.20539476529845,"258","Aci_B_2"
259,"Aci_B_2",1.17057716516845,0.0194828477476268,312.752970004005,1.13224314155661,1.20891118878028,"259","Aci_B_2"
260,"Aci_B_2",1.17414825346047,0.0194553563440938,311.752341303721,1.135867844047,1.21242866287394,"260","Aci_B_2"
261,"Aci_B_2",1.17771934175249,0.0194284042208561,310.768030913221,1.13949149155038,1.2159471919546,"261","Aci_B_2"
262,"Aci_B_2",1.18129043004451,0.0194019936253244,309.800139910903,1.14311407975465,1.21946678033438,"262","Aci_B_2"
263,"Aci_B_2",1.18486151833654,0.019376126771884,308.848766984988,1.14673560441238,1.2229874322607,"263","Aci_B_2"
264,"Aci_B_2",1.18843260662856,0.0193508058410483,307.914008421559,1.15035606134242,1.2265091519147,"264","Aci_B_2"
265,"Aci_B_2",1.19200369492058,0.0193260329786177,306.995958093611,1.15397544643148,1.23003194340969,"265","Aci_B_2"
266,"Aci_B_2",1.1955747832126,0.0193018102948435,306.094707451097,1.15759375563569,1.23355581078952,"266","Aci_B_2"
267,"Aci_B_2",1.19914587150463,0.0192781398635989,305.210345512065,1.16121098498217,1.23708075802709,"267","Aci_B_2"
268,"Aci_B_2",1.20271695979665,0.0192550237215557,304.342958854773,1.16482713057054,1.24060678902275,"268","Aci_B_2"
269,"Aci_B_2",1.20628804808867,0.0192324638673704,303.492631610765,1.1684421885745,1.24413390760284,"269","Aci_B_2"
270,"Aci_B_2",1.20985913638069,0.0192104622608769,302.65944545889,1.17205615524329,1.2476621175181,"270","Aci_B_2"
271,"Aci_B_2",1.21343022467272,0.0191890208222904,301.843479620304,1.17566902690317,1.25119142244226,"271","Aci_B_2"
272,"Aci_B_2",1.21700131296474,0.0191681414314182,301.044810854389,1.17928079995897,1.25472182597051,"272","Aci_B_2"
273,"Aci_B_2",1.22057240125676,0.0191478259268838,300.263513455482,1.18289147089543,1.25825333161809,"273","Aci_B_2"
274,"Aci_B_2",1.22414348954878,0.019128076105361,299.499659250577,1.18650103627873,1.26178594281884,"274","Aci_B_2"
275,"Aci_B_2",1.22771457784081,0.019108893720819,298.753317597818,1.19010949275782,1.26531966292379,"275","Aci_B_2"
276,"Aci_B_2",1.23128566613283,0.0190902804837822,298.0245553857,1.19371683706582,1.26885449519984,"276","Aci_B_2"
277,"Aci_B_2",1.23485675442485,0.0190722380606009,297.313437033343,1.1973230660214,1.2723904428283,"277","Aci_B_2"
278,"Aci_B_2",1.23842784271687,0.0190547680727379,296.620024491202,1.20092817653008,1.27592750890367,"278","Aci_B_2"
279,"Aci_B_2",1.2419989310089,0.0190378720960687,295.944377242642,1.2045321655855,1.27946569643229,"279","Aci_B_2"
280,"Aci_B_2",1.24557001930092,0.019021551660197,295.28655230635,1.20813503027077,1.28300500833107,"280","Aci_B_2"
281,"Aci_B_2",1.24914110759294,0.0190058082477876,294.646604239215,1.21173676775961,1.28654544742628,"281","Aci_B_2"
282,"Aci_B_2",1.25271219588497,0.0189906432939127,294.024585139889,1.21533737531763,1.29008701645231,"282","Aci_B_2"
283,"Aci_B_2",1.25628328417699,0.0189760581854197,293.420544653168,1.21893685030345,1.29362971805052,"283","Aci_B_2"
284,"Aci_B_2",1.25985437246901,0.0189620542603135,292.834529974675,1.2225351901699,1.29717355476813,"284","Aci_B_2"
285,"Aci_B_2",1.26342546076103,0.0189486328071594,292.26658585628,1.22613239246502,1.30071852905704,"285","Aci_B_2"
286,"Aci_B_2",1.26699654905306,0.0189357950645037,291.716754612048,1.22972845483325,1.30426464327286,"286","Aci_B_2"
287,"Aci_B_2",1.27056763734508,0.018923542220315,291.185076124619,1.23332337501635,1.30781189967381,"287","Aci_B_2"
288,"Aci_B_2",1.2741387256371,0.0189118754114459,290.671587852117,1.23691715085446,1.31136030041974,"288","Aci_B_2"
289,"Aci_B_2",1.27770981392912,0.0189007957231141,290.176324835453,1.24050978028701,1.31490984757123,"289","Aci_B_2"
290,"Aci_B_2",1.28128090222115,0.0188903041884079,289.699319706182,1.24410126135367,1.31846054308863,"290","Aci_B_2"
291,"Aci_B_2",1.28485199051317,0.0188804017878091,289.24060269447,1.24769159219515,1.32201238883118,"291","Aci_B_2"
292,"Aci_B_2",1.28842307880519,0.0188710894487434,288.80020163778,1.25128077105412,1.32556538655626,"292","Aci_B_2"
293,"Aci_B_2",1.29199416709721,0.0188623680451496,288.378141989632,1.2548687962759,1.32911953791852,"293","Aci_B_2"
294,"Aci_B_2",1.29556525538924,0.0188542383970748,287.974446828763,1.25845566630928,1.3326748444692,"294","Aci_B_2"
295,"Aci_B_2",1.29913634368126,0.0188467012702918,287.589136868587,1.26204137970713,1.33623130765538,"295","Aci_B_2"
296,"Aci_B_2",1.30270743197328,0.0188397573759417,287.222230466911,1.26562593512715,1.33978892881941,"296","Aci_B_2"
297,"Aci_B_2",1.3062785202653,0.0188334073702004,286.873743635857,1.26920933133237,1.34334770919823,"297","Aci_B_2"
298,"Aci_B_2",1.30984960855733,0.0188276518539706,286.543690052012,1.2727915671918,1.34690764992285,"298","Aci_B_2"
299,"Aci_B_2",1.31342069684935,0.0188224913725994,286.232081066812,1.27637264168086,1.35046875201784,"299","Aci_B_2"
300,"Aci_B_2",1.31699178514137,0.0188179264156195,285.938925717021,1.27995255388189,1.35403101640085,"300","Aci_B_2"
301,"Aci_B_2",1.32056287343339,0.0188139574165193,285.664230735421,1.28353130298457,1.35759444388221,"301","Aci_B_2"
302,"Aci_B_2",1.32413396172542,0.018810584752537,285.408000561625,1.28710888828625,1.36115903516458,"302","Aci_B_2"
303,"Aci_B_2",1.32770505001744,0.0188078087444814,285.170237352945,1.29068530919228,1.3647247908426,"303","Aci_B_2"
304,"Aci_B_2",1.33127613830946,0.0188056296565801,284.950940995429,1.29426056521629,1.36829171140263,"304","Aci_B_2"
305,"Aci_B_2",1.33484722660148,0.0188040476963535,284.750109114977,1.2978346559804,1.37185979722257,"305","Aci_B_2"
306,"Aci_B_2",1.33841831489351,0.0188030630145164,284.567737088433,1.30140758121537,1.37542904857164,"306","Aci_B_2"
307,"Aci_B_2",1.34198940318553,0.0188026757049055,284.403818054798,1.30497934076077,1.37899946561029,"307","Aci_B_2"
308,"Aci_B_2",1.34556049147755,0.0188028858044362,284.258342926506,1.30854993456497,1.38257104839014,"308","Aci_B_2"
309,"Aci_B_2",1.34913157976958,0.0188036932930827,284.13130040065,1.31211936268523,1.38614379685392,"309","Aci_B_2"
310,"Aci_B_2",1.3527026680616,0.0188050980938899,284.022676970235,1.31568762528761,1.38971771083558,"310","Aci_B_2"
311,"Aci_B_2",1.35627375635362,0.0188071000730087,283.932456935512,1.31925472264695,1.39329279006029,"311","Aci_B_2"
312,"Aci_B_2",1.35984484464564,0.0188096990397596,283.860622415246,1.32282065514667,1.39686903414461,"312","Aci_B_2"
313,"Aci_B_2",1.36341593293767,0.0188128947467252,283.807153357936,1.32638542327864,1.40044644259669,"313","Aci_B_2"
314,"Aci_B_2",1.36698702122969,0.018816686889865,283.772027553093,1.32994902764292,1.40402501481646,"314","Aci_B_2"
315,"Aci_B_2",1.37055810952171,0.0188210751086627,283.755220642532,1.33351146894748,1.40760475009594,"315","Aci_B_2"
316,"Aci_B_2",1.37412919781373,0.018826058986295,283.756706131461,1.33707274800789,1.41118564761957,"316","Aci_B_2"
317,"Aci_B_2",1.37770028610576,0.0188316380498311,283.776455399746,1.34063286574692,1.41476770646459,"317","Aci_B_2"
318,"Aci_B_2",1.38127137439778,0.0188378117704542,283.81443771308,1.34419182319411,1.41835092560144,"318","Aci_B_2"
319,"Aci_B_2",1.3848424626898,0.0188445795637135,283.870620234033,1.34774962148532,1.42193530389428,"319","Aci_B_2"
320,"Aci_B_2",1.38841355098182,0.0188519407897976,283.944968033208,1.35130626186218,1.42552084010146,"320","Aci_B_2"
321,"Aci_B_2",1.39198463927385,0.0188598947538361,284.037444100336,1.35486174567154,1.42910753287615,"321","Aci_B_2"
322,"Aci_B_2",1.39555572756587,0.0188684407062259,284.14800935526,1.35841607436483,1.43269538076691,"322","Aci_B_2"
323,"Aci_B_2",1.39912681585789,0.0188775778429805,284.276622659067,1.36196924949742,1.43628438221836,"323","Aci_B_2"
324,"Aci_B_2",1.40269790414991,0.0188873053061059,284.423240825071,1.36552127272792,1.4398745355719,"324","Aci_B_2"
325,"Aci_B_2",1.40626899244194,0.0188976221839987,284.587818629821,1.36907214581741,1.44346583906646,"325","Aci_B_2"
326,"Aci_B_2",1.40984008073396,0.018908527511869,284.770308824194,1.37262187062865,1.44705829083927,"326","Aci_B_2"
327,"Aci_B_2",1.41341116902598,0.0189200202721852,284.970662144377,1.37617044912523,1.45065188892673,"327","Aci_B_2"
328,"Aci_B_2",1.416982257318,0.0189320993951417,285.188827322973,1.37971788337075,1.45424663126526,"328","Aci_B_2"
329,"Aci_B_2",1.42055334561003,0.0189447637591498,285.424751100048,1.38326417552782,1.45784251569224,"329","Aci_B_2"
330,"Aci_B_2",1.42412443390205,0.0189580121913481,285.678378234345,1.38680932785716,1.46143953994694,"330","Aci_B_2"
331,"Aci_B_2",1.42769552219407,0.0189718434681361,285.94965151436,1.39035334271658,1.46503770167157,"331","Aci_B_2"
332,"Aci_B_2",1.43126661048609,0.018986256315726,286.238511769681,1.39389622255994,1.46863699841225,"332","Aci_B_2"
333,"Aci_B_2",1.43483769877812,0.0190012494107172,286.544897882255,1.39743796993609,1.47223742762014,"333","Aci_B_2"
334,"Aci_B_2",1.43840878707014,0.019016821380687,286.868746797844,1.40097858748776,1.47583898665252,"334","Aci_B_2"
335,"Aci_B_2",1.44197987536216,0.0190329708048025,287.209993537519,1.4045180779504,1.47944167277392,"335","Aci_B_2"
336,"Aci_B_2",1.44555096365419,0.0190496962144497,287.568571209317,1.40805644415102,1.48304548315735,"336","Aci_B_2"
337,"Aci_B_2",1.44912205194621,0.0190669960938793,287.944411019966,1.41159368900698,1.48665041488543,"337","Aci_B_2"
338,"Aci_B_2",1.45269314023823,0.0190848688808712,288.337442286817,1.41512981552474,1.49025646495172,"338","Aci_B_2"
339,"Aci_B_2",1.45626422853025,0.0191033129674127,288.74759244994,1.41866482679858,1.49386363026193,"339","Aci_B_2"
340,"Aci_B_2",1.45983531682228,0.019122326700395,289.174787084345,1.42219872600933,1.49747190763523,"340","Aci_B_2"
341,"Aci_B_2",1.4634064051143,0.0191419083823215,289.61894991242,1.42573151642301,1.50108129380559,"341","Aci_B_2"
342,"Aci_B_2",1.46697749340632,0.0191620562720339,290.080002816593,1.4292632013895,1.50469178542314,"342","Aci_B_2"
343,"Aci_B_2",1.47054858169834,0.0191827685854474,290.557865852216,1.43279378434114,1.50830337905554,"343","Aci_B_2"
344,"Aci_B_2",1.47411966999037,0.0192040434963033,291.052457260642,1.43632326879134,1.51191607118939,"344","Aci_B_2"
345,"Aci_B_2",1.47769075828239,0.0192258791369296,291.563693482596,1.43985165833314,1.51552985823164,"345","Aci_B_2"
346,"Aci_B_2",1.48126184657441,0.0192482735990162,292.091489171833,1.44337895663776,1.51914473651106,"346","Aci_B_2"
347,"Aci_B_2",1.48483293486643,0.0192712249343986,292.635757209036,1.44690516745315,1.52276070227972,"347","Aci_B_2"
348,"Aci_B_2",1.48840402315846,0.0192947311558525,293.196408716043,1.45043029460249,1.52637775171442,"348","Aci_B_2"
349,"Aci_B_2",1.49197511145048,0.0193187902378981,293.773353070333,1.45395434198268,1.52999588091828,"349","Aci_B_2"
350,"Aci_B_2",1.4955461997425,0.019343400117612,294.366497919981,1.4574773135628,1.5336150859222,"350","Aci_B_2"
351,"Aci_B_2",1.49911728803452,0.0193685586954474,294.975749198786,1.46099921338262,1.53723536268642,"351","Aci_B_2"
352,"Aci_B_2",1.50268837632655,0.0193942638360624,295.601011141852,1.46452004555101,1.54085670710208,"352","Aci_B_2"
353,"Aci_B_2",1.50625946461857,0.0194205133691527,296.242186301535,1.46803981424437,1.54447911499277,"353","Aci_B_2"
354,"Aci_B_2",1.50983055291059,0.0194473050902927,296.899175563735,1.47155852370508,1.5481025821161,"354","Aci_B_2"
355,"Aci_B_2",1.51340164120261,0.0194746367617793,297.571878164661,1.4750761782399,1.55172710416533,"355","Aci_B_2"
356,"Aci_B_2",1.51697272949464,0.0195025061134823,298.260191707847,1.47859278221836,1.55535267677092,"356","Aci_B_2"
357,"Aci_B_2",1.52054381778666,0.0195309108436965,298.964012181809,1.48210834007118,1.55897929550213,"357","Aci_B_2"
358,"Aci_B_2",1.52411490607868,0.0195598486199988,299.683233977924,1.48562285628866,1.5626069558687,"358","Aci_B_2"
359,"Aci_B_2",1.5276859943707,0.0195893170801066,300.417749908857,1.48913633541904,1.56623565332237,"359","Aci_B_2"
360,"Aci_B_2",1.53125708266273,0.0196193138327385,301.167451227427,1.49264878206688,1.56986538325858,"360","Aci_B_2"
361,"Aci_B_2",1.53482817095475,0.019649836458476,301.932227645922,1.49616020089147,1.57349614101803,"361","Aci_B_2"
362,"Aci_B_2",1.53839925924677,0.0196808825106259,302.711967355827,1.49967059660518,1.57712792188836,"362","Aci_B_2"
363,"Aci_B_2",1.5419703475388,0.0197124495160828,303.506557048075,1.50317997397184,1.58076072110575,"363","Aci_B_2"
364,"Aci_B_2",1.54554143583082,0.0197445349761902,304.315881933802,1.50668833780509,1.58439453385654,"364","Aci_B_2"
365,"Aci_B_2",1.54911252412284,0.0197771363676022,305.139825765507,1.51019569296681,1.58802935527887,"365","Aci_B_2"
366,"Aci_B_2",1.55268361241486,0.0198102511431406,305.978270858716,1.51370204436544,1.59166518046429,"366","Aci_B_2"
367,"Aci_B_2",1.55625470070689,0.0198438767326529,306.83109811423,1.51720739695439,1.59530200445938,"367","Aci_B_2"
368,"Aci_B_2",1.55982578899891,0.019878010543864,307.698187040678,1.52071175573044,1.59893982226738,"368","Aci_B_2"
369,"Aci_B_2",1.56339687729093,0.0199126499632284,308.579415777731,1.52421512573208,1.60257862884978,"369","Aci_B_2"
370,"Aci_B_2",1.56696796558295,0.0199477923567746,309.474661119764,1.52771751203797,1.60621841912794,"370","Aci_B_2"
371,"Aci_B_2",1.57053905387498,0.0199834350709474,310.383798539923,1.5312189197653,1.60985918798465,"371","Aci_B_2"
372,"Aci_B_2",1.574110142167,0.0200195754334448,311.306702214835,1.53471935406822,1.61350093026578,"372","Aci_B_2"
373,"Aci_B_2",1.57768123045902,0.0200562107540494,312.243245049674,1.53821882013626,1.61714364078178,"373","Aci_B_2"
374,"Aci_B_2",1.58125231875104,0.0200933383254535,313.193298703751,1.54171732319277,1.62078731430931,"374","Aci_B_2"
375,"Aci_B_2",1.58482340704307,0.0201309554240795,314.15673361666,1.54521486849335,1.62443194559278,"375","Aci_B_2"
376,"Aci_B_2",1.58839449533509,0.0201690593108913,315.133419034801,1.54871146132431,1.62807752934587,"376","Aci_B_2"
377,"Aci_B_2",1.59196558362711,0.0202076472322008,316.123223038392,1.55220710700112,1.6317240602531,"377","Aci_B_2"
378,"Aci_B_2",1.59553667191913,0.0202467164204651,317.126012569025,1.55570181086694,1.63537153297133,"378","Aci_B_2"
379,"Aci_B_2",1.59910776021116,0.0202862640950775,318.141653457585,1.55919557829106,1.63901994213126,"379","Aci_B_2"
380,"Aci_B_2",1.60267884850318,0.020326287463149,319.170010452661,1.56268841466743,1.64266928233893,"380","Aci_B_2"
381,"Aci_B_2",1.6062499367952,0.0203667837202823,320.210947249413,1.56618032541318,1.64631954817722,"381","Aci_B_2"
382,"Aci_B_2",1.60982102508722,0.0204077500513352,321.264326518847,1.56967131596719,1.64997073420726,"382","Aci_B_2"
383,"Aci_B_2",1.61339211337925,0.0204491836311779,322.330009937409,1.57316139178858,1.65362283496992,"383","Aci_B_2"
384,"Aci_B_2",1.61696320167127,0.0204910816254374,323.407858217281,1.57665055835533,1.65727584498721,"384","Aci_B_2"
385,"Aci_B_2",1.62053428996329,0.0205334411912343,324.497731136719,1.58013882116289,1.6609297587637,"385","Aci_B_2"
386,"Aci_B_2",1.62410537825531,0.0205762594779096,325.599487570996,1.58362618572272,1.66458457078791,"386","Aci_B_2"
387,"Aci_B_2",1.62767646654734,0.0206195336277397,326.71298552363,1.58711265756098,1.66824027553369,"387","Aci_B_2"
388,"Aci_B_2",1.63124755483936,0.020663260776643,327.838082158036,1.59059824221715,1.67189686746157,"388","Aci_B_2"
389,"Aci_B_2",1.63481864313138,0.0207074380548744,328.974633829384,1.59408294524268,1.67555434102009,"389","Aci_B_2"
390,"Aci_B_2",1.63838973142341,0.0207520625877094,330.122496116921,1.5975667721997,1.67921269064711,"390","Aci_B_2"
391,"Aci_B_2",1.64196081971543,0.0207971314961173,331.281523856563,1.60104972865973,1.68287191077112,"391","Aci_B_2"
392,"Aci_B_2",1.64553190800745,0.0208426418974231,332.451571173655,1.60453182020237,1.68653199581253,"392","Aci_B_2"
393,"Aci_B_2",1.64910299629947,0.0208885909059584,333.632491516213,1.60801305241408,1.69019294018486,"393","Aci_B_2"
394,"Aci_B_2",1.6526740845915,0.0209349756336996,334.824137688302,1.61149343088693,1.69385473829606,"394","Aci_B_2"
395,"Aci_B_2",1.65624517288352,0.0209817931908965,336.026361883527,1.61497296121738,1.69751738454966,"395","Aci_B_2"
396,"Aci_B_2",1.65981626117554,0.021029040686687,337.239015719082,1.61845164900512,1.70118087334597,"396","Aci_B_2"
397,"Aci_B_2",1.66338734946756,0.0210767152297023,338.461950269594,1.62192949985187,1.70484519908326,"397","Aci_B_2"
398,"Aci_B_2",1.66695843775959,0.0211248139286583,339.695016101468,1.62540651936025,1.70851035615892,"398","Aci_B_2"
399,"Aci_B_2",1.67052952605161,0.021173333892936,340.938063307222,1.62888271313267,1.71217633897055,"399","Aci_B_2"
400,"Aci_B_2",1.67410061434363,0.0212222722331493,342.190941539967,1.63235808677018,1.71584314191708,"400","Aci_B_2"
401,"Aci_B_2",1.67767170263565,0.0212716260617022,343.453500048085,1.63583264587144,1.71951075939987,"401","Aci_B_2"
402,"Aci_B_2",1.68124279092768,0.0213213924933323,344.725587709933,1.63930639603162,1.72317918582373,"402","Aci_B_2"
403,"Aci_B_2",1.6848138792197,0.0213715686456422,346.007053068716,1.64277934284143,1.72684841559797,"403","Aci_B_2"
404,"Aci_B_2",1.68838496751172,0.0214221516396211,347.297744367231,1.64625149188601,1.73051844313743,"404","Aci_B_2"
405,"Aci_B_2",1.69195605580374,0.0214731386001504,348.5975095828,1.64972284874404,1.73418926286345,"405","Aci_B_2"
406,"Aci_B_2",1.69552714409577,0.021524526656502,349.906196462292,1.6531934189867,1.73786086920483,"406","Aci_B_2"
407,"Aci_B_2",1.69909823238779,0.02157631294282,351.223652556896,1.65666320817677,1.74153325659881,"407","Aci_B_2"
408,"Aci_B_2",1.70266932067981,0.0216284945985932,352.549725257033,1.66013222186768,1.74520641949195,"408","Aci_B_2"
409,"Aci_B_2",1.70624040897183,0.021681068769115,353.884261827154,1.66360046560261,1.74888035234106,"409","Aci_B_2"
410,"Aci_B_2",1.70981149726386,0.0217340326059306,355.227109440615,1.66706794491365,1.75255504961406,"410","Aci_B_2"
411,"Aci_B_2",1.71338258555588,0.0217873832672732,356.578115214144,1.6705346653209,1.75623050579086,"411","Aci_B_2"
412,"Aci_B_2",1.7169536738479,0.0218411179184879,357.937126242552,1.67400063233165,1.75990671536415,"412","Aci_B_2"
413,"Aci_B_2",1.72052476213992,0.0218952337324446,359.303989633105,1.67746585143959,1.76358367284026,"413","Aci_B_2"
414,"Aci_B_2",1.72409585043195,0.0219497278899374,360.678552539693,1.680930328124,1.76726137273989,"414","Aci_B_2"
415,"Aci_B_2",1.72766693872397,0.0220045975800753,362.060662197073,1.68439406784899,1.77093980959895,"415","Aci_B_2"
416,"Aci_B_2",1.73123802701599,0.0220598400006586,363.450165954649,1.68785707606276,1.77461897796923,"416","Aci_B_2"
417,"Aci_B_2",1.73480911530801,0.0221154523585456,364.846911310171,1.69131935819684,1.77829887241919,"417","Aci_B_2"
418,"Aci_B_2",1.73838020360004,0.0221714318700076,366.250745943217,1.69478091966547,1.78197948753461,"418","Aci_B_2"
419,"Aci_B_2",1.74195129189206,0.0222277757610722,367.66151774838,1.69824176586483,1.78566081791929,"419","Aci_B_2"
420,"Aci_B_2",1.74552238018408,0.022284481267857,369.079074868122,1.70170190217243,1.78934285819574,"420","Aci_B_2"
421,"Aci_B_2",1.74909346847611,0.0223415456368908,370.503265725502,1.70516133394646,1.79302560300575,"421","Aci_B_2"
422,"Aci_B_2",1.75266455676813,0.0223989661254248,371.933939056451,1.70862006652517,1.79670904701108,"422","Aci_B_2"
423,"Aci_B_2",1.75623564506015,0.0224567400017324,373.370943941772,1.71207810522629,1.80039318489401,"423","Aci_B_2"
424,"Aci_B_2",1.75980673335217,0.0225148645454005,374.814129838793,1.7155354553464,1.80407801135794,"424","Aci_B_2"
425,"Aci_B_2",1.7633778216442,0.0225733370476078,376.263346612733,1.71899212216045,1.80776352112795,"425","Aci_B_2"
426,"Aci_B_2",1.76694890993622,0.022632154811394,377.718444567475,1.72244811092113,1.8114497089513,"426","Aci_B_2"
427,"Aci_B_2",1.77051999822824,0.0226913151519202,379.179274476288,1.72590342685845,1.81513656959803,"427","Aci_B_2"
428,"Aci_B_2",1.77409108652026,0.0227508153967159,380.645687611797,1.72935807517915,1.81882409786138,"428","Aci_B_2"
429,"Aci_B_2",1.77766217481229,0.022810652885921,382.117535775775,1.73281206106628,1.82251228855829,"429","Aci_B_2"
430,"Aci_B_2",1.78123326310431,0.0228708249725135,383.594671328326,1.73626538967872,1.82620113652989,"430","Aci_B_2"
431,"Aci_B_2",1.78480435139633,0.0229313290225308,385.076947216889,1.73971806615072,1.82989063664194,"431","Aci_B_2"
432,"Aci_B_2",1.78837543968835,0.0229921624152799,386.564217004308,1.74317009559149,1.83358078378522,"432","Aci_B_2"
433,"Aci_B_2",1.79194652798038,0.0230533225435402,388.056334897013,1.74662148308478,1.83727157287597,"433","Aci_B_2"
434,"Aci_B_2",1.7955176162724,0.0231148068137554,389.553155772202,1.75007223368851,1.84096299885629,"434","Aci_B_2"
435,"Aci_B_2",1.79908870456442,0.0231766126462174,391.054535204825,1.75352235243438,1.84465505669447,"435","Aci_B_2"
436,"Aci_B_2",1.80265979285644,0.0232387374752422,392.560329494006,1.7569718443275,1.84834774138539,"436","Aci_B_2"
437,"Aci_B_2",1.80623088114847,0.0233011787493354,394.070395688837,1.76042071434609,1.85204104795084,"437","Aci_B_2"
438,"Aci_B_2",1.80980196944049,0.0233639339313517,395.58459161376,1.76386896744111,1.85573497143987,"438","Aci_B_2"
439,"Aci_B_2",1.81337305773251,0.0234270004986449,397.102775893372,1.76731660853598,1.85942950692905,"439","Aci_B_2"
440,"Aci_B_2",1.81694414602453,0.0234903759432087,398.624807976647,1.77076364252627,1.8631246495228,"440","Aci_B_2"
441,"Aci_B_2",1.82051523431656,0.023554057771813,400.150548160693,1.77421007427945,1.86682039435367,"441","Aci_B_2"
442,"Aci_B_2",1.82408632260858,0.0236180435061281,401.679857613828,1.77765590863458,1.87051673658258,"442","Aci_B_2"
443,"Aci_B_2",1.8276574109006,0.0236823306828457,403.212598398203,1.78110115040213,1.87421367139907,"443","Aci_B_2"
444,"Aci_B_2",1.83122849919263,0.0237469168537896,404.748633491797,1.78454580436367,1.87791119402158,"444","Aci_B_2"
445,"Aci_B_2",1.83479958748465,0.0238117995860199,406.287826809755,1.78798987527172,1.88160929969758,"445","Aci_B_2"
446,"Aci_B_2",1.83837067577667,0.0238769764619307,407.830043225303,1.79143336784948,1.88530798370386,"446","Aci_B_2"
447,"Aci_B_2",1.84194176406869,0.0239424450793408,409.375148589982,1.79487628679069,1.88900724134669,"447","Aci_B_2"
448,"Aci_B_2",1.84551285236072,0.024008203051577,410.923009753216,1.79831863675945,1.89270706796198,"448","Aci_B_2"
449,"Aci_B_2",1.84908394065274,0.0240742480075514,412.473494581403,1.80176042239,1.89640745891548,"449","Aci_B_2"
450,"Aci_B_2",1.85265502894476,0.0241405775918325,414.026471976477,1.80520164828662,1.90010840960291,"450","Aci_B_2"
451,"Aci_B_2",1.85622611723678,0.0242071894647087,415.581811893535,1.80864231902347,1.9038099154501,"451","Aci_B_2"
452,"Aci_B_2",1.85979720552881,0.0242740813022484,417.139385358196,1.81208243914447,1.90751197191314,"452","Aci_B_2"
453,"Aci_B_2",1.86336829382083,0.0243412507963512,418.699064483367,1.81552201316317,1.91121457447848,"453","Aci_B_2"
454,"Aci_B_2",1.86693938211285,0.0244086956547952,420.260722484931,1.81896104556265,1.91491771866306,"454","Aci_B_2"
455,"Aci_B_2",1.87051047040487,0.0244764136012776,421.824233697513,1.82239954079541,1.91862140001434,"455","Aci_B_2"
456,"Aci_B_2",1.8740815586969,0.0245444023754506,423.389473589197,1.82583750328332,1.92232561411047,"456","Aci_B_2"
457,"Aci_B_2",1.87765264698892,0.0246126597329523,424.956318775556,1.82927493741753,1.92603035656031,"457","Aci_B_2"
458,"Aci_B_2",1.88122373528094,0.0246811834454306,426.524647033545,1.83271184755838,1.9297356230035,"458","Aci_B_2"
459,"Aci_B_2",1.88479482357296,0.0247499713005642,428.0943373144,1.83614823803539,1.93344140911054,"459","Aci_B_2"
460,"Aci_B_2",1.88836591186499,0.0248190211020769,429.665269755868,1.8395841131472,1.93714771058277,"460","Aci_B_2"
461,"Aci_B_2",1.89193700015701,0.0248883306697489,431.237325694298,1.84301947716151,1.9408545231525,"461","Aci_B_2"
462,"Aci_B_2",1.89550808844903,0.0249578978394222,432.810387675765,1.84645433431512,1.94456184258295,"462","Aci_B_2"
463,"Aci_B_2",1.89907917674105,0.0250277204630016,434.38433946657,1.84988868881382,1.94826966466829,"463","Aci_B_2"
464,"Aci_B_2",1.90265026503308,0.0250977964084519,435.959066063484,1.85332254483247,1.95197798523368,"464","Aci_B_2"
465,"Aci_B_2",1.9062213533251,0.0251681235597906,437.534453703072,1.85675590651497,1.95568680013522,"465","Aci_B_2"
466,"Aci_B_2",1.90979244161712,0.0252386998170769,439.110389870526,1.86018877797425,1.95939610525999,"466","Aci_B_2"
467,"Aci_B_2",1.91336352990914,0.0253095230963958,440.686763308219,1.86362116329231,1.96310589652598,"467","Aci_B_2"
468,"Aci_B_2",1.91693461820117,0.0253805913298392,442.263464023228,1.86705306652024,1.96681616988209,"468","Aci_B_2"
469,"Aci_B_2",1.92050570649319,0.0254519024654832,443.840383294479,1.87048449167824,1.97052692130814,"469","Aci_B_2"
470,"Aci_B_2",1.92407679478521,0.025523454467361,445.417413679621,1.87391544275569,1.97423814681473,"470","Aci_B_2"
471,"Aci_B_2",1.92764788307724,0.0255952453154348,446.9944490209,1.87734592371116,1.97794984244331,"471","Aci_B_2"
472,"Aci_B_2",1.93121897136926,0.0256672730055603,448.571384450699,1.88077593847249,1.98166200426602,"472","Aci_B_2"
473,"Aci_B_2",1.93479005966128,0.0257395355494517,450.148116396623,1.88420549093684,1.98537462838572,"473","Aci_B_2"
474,"Aci_B_2",1.9383611479533,0.0258120309746412,451.724542585978,1.88763458497074,1.98908771093586,"474","Aci_B_2"
475,"Aci_B_2",1.94193223624533,0.0258847573244378,453.300562049591,1.89106322441021,1.99280124808044,"475","Aci_B_2"
476,"Aci_B_2",1.94550332453735,0.0259577126578802,454.876075125382,1.89449141306078,1.99651523601392,"476","Aci_B_2"
477,"Aci_B_2",1.94907441282937,0.0260308950496897,456.450983461215,1.8979191546976,2.00022967096114,"477","Aci_B_2"
478,"Aci_B_2",1.95264550112139,0.0261043025902183,458.02519001732,1.90134645306556,2.00394454917723,"478","Aci_B_2"
479,"Aci_B_2",1.95621658941342,0.0261779333853959,459.59859906837,1.90477331187932,2.00765986694751,"479","Aci_B_2"
480,"Aci_B_2",1.95978767770544,0.0262517855566747,461.171116204737,1.90819973482345,2.01137562058742,"480","Aci_B_2"
481,"Aci_B_2",1.96335876599746,0.0263258572409689,462.742648333598,1.91162572555255,2.01509180644237,"481","Aci_B_2"
482,"Aci_B_2",1.96692985428948,0.026400146590596,464.313103679481,1.9150512876913,2.01880842088766,"482","Aci_B_2"
483,"Aci_B_2",1.97050094258151,0.0264746517732128,465.882391784252,1.91847642483465,2.02252546032836,"483","Aci_B_2"
484,"Aci_B_2",1.97407203087353,0.0265493709717507,467.45042350677,1.92190114054787,2.02624292119919,"484","Aci_B_2"
485,"Aci_B_2",1.97764311916555,0.0266243023843488,469.017111022173,1.92532543836671,2.0299607999644,"485","Aci_B_2"
486,"Aci_B_2",1.98121420745757,0.0266994442242847,470.582367820393,1.92874932179751,2.03367909311764,"486","Aci_B_2"
487,"Aci_B_2",1.9847852957496,0.0267747947199037,472.146108704749,1.93217279431734,2.03739779718185,"487","Aci_B_2"
488,"Aci_B_2",1.98835638404162,0.0268503521145459,473.708249789687,1.93559585937414,2.0411169087091,"488","Aci_B_2"
489,"Aci_B_2",1.99192747233364,0.0269261146664732,475.26870849848,1.93901852038683,2.04483642428045,"489","Aci_B_2"
490,"Aci_B_2",1.99549856062566,0.027002080648792,476.827403560251,1.94244078074547,2.04855634050586,"490","Aci_B_2"
491,"Aci_B_2",1.99906964891769,0.0270782483493768,478.384255006603,1.9458626438114,2.05227665402397,"491","Aci_B_2"
492,"Aci_B_2",2.00264073720971,0.0271546160707901,479.939184168369,1.94928411291739,2.05599736150202,"492","Aci_B_2"
493,"Aci_B_2",2.00621182550173,0.0272311821302038,481.492113671304,1.95270519136779,2.05971845963568,"493","Aci_B_2"
494,"Aci_B_2",2.00978291379375,0.027307944859317,483.042967431817,1.95612588243865,2.06343994514886,"494","Aci_B_2"
495,"Aci_B_2",2.01335400208578,0.027384902604273,484.591670652457,1.95954618937794,2.06716181479362,"495","Aci_B_2"
496,"Aci_B_2",2.0169250903778,0.027462053725575,486.1381498168,1.96296611540564,2.07088406534996,"496","Aci_B_2"
497,"Aci_B_2",2.02049617866982,0.0275393965980021,487.682332683973,1.96638566371394,2.07460669362571,"497","Aci_B_2"
498,"Aci_B_2",2.02406726696185,0.027616929610523,489.224148283291,1.96980483746739,2.0783296964563,"498","Aci_B_2"
499,"Aci_B_2",2.02763835525387,0.0276946511662082,490.76352690814,1.97322363980305,2.08205307070468,"499","Aci_B_2"
500,"Aci_B_2",2.03120944354589,0.0277725596821427,492.30040010978,1.9766420738307,2.08577681326108,"500","Aci_B_2"
0,"Ack_Ka_1",0.245004951399578,0.0560030991158003,412.092182559749,0.134917570915282,0.355092331883875,"0","Ack_Ka_1"
1,"Ack_Ka_1",0.246839125770118,0.0558808998957906,410.849176717356,0.136990977953494,0.356687273586742,"1","Ack_Ka_1"
2,"Ack_Ka_1",0.248673300140657,0.0557589237943216,409.606518494888,0.139063945002919,0.358282655278396,"2","Ack_Ka_1"
3,"Ack_Ka_1",0.250507474511197,0.0556371722788545,408.364246411722,0.14113646918563,0.359878479836763,"3","Ack_Ka_1"
4,"Ack_Ka_1",0.252341648881736,0.0555156468270098,407.122399285487,0.143208547604069,0.361474750159404,"4","Ack_Ka_1"
5,"Ack_Ka_1",0.254175823252276,0.0553943489266191,405.881016231016,0.145280177340945,0.363071469163607,"5","Ack_Ka_1"
6,"Ack_Ka_1",0.256009997622815,0.0552732800757757,404.640136659366,0.147351355459149,0.364668639786482,"6","Ack_Ka_1"
7,"Ack_Ka_1",0.257844171993355,0.0551524417828861,403.399800276703,0.149422079001656,0.366266264985053,"7","Ack_Ka_1"
8,"Ack_Ka_1",0.259678346363894,0.0550318355667201,402.160047083144,0.151492344991437,0.367864347736351,"8","Ack_Ka_1"
9,"Ack_Ka_1",0.261512520734434,0.0549114629564609,400.920917371582,0.153562150431365,0.369462891037502,"9","Ack_Ka_1"
10,"Ack_Ka_1",0.263346695104973,0.0547913254917548,399.682451726417,0.155631492304127,0.371061897905819,"10","Ack_Ka_1"
11,"Ack_Ka_1",0.265180869475513,0.0546714247227603,398.444691022213,0.157700367572133,0.372661371378892,"11","Ack_Ka_1"
12,"Ack_Ka_1",0.267015043846052,0.0545517622101968,397.207676422355,0.159768773177431,0.374261314514673,"12","Ack_Ka_1"
13,"Ack_Ka_1",0.268849218216592,0.0544323395253928,395.971449377589,0.161836706041618,0.375861730391566,"13","Ack_Ka_1"
14,"Ack_Ka_1",0.270683392587131,0.0543131582503338,394.736051624548,0.163904163065754,0.377462622108508,"14","Ack_Ka_1"
15,"Ack_Ka_1",0.272517566957671,0.0541942199777094,393.501525184192,0.165971141130281,0.37906399278506,"15","Ack_Ka_1"
16,"Ack_Ka_1",0.27435174132821,0.0540755263109596,392.267912360191,0.168037637094934,0.380665845561486,"16","Ack_Ka_1"
17,"Ack_Ka_1",0.27618591569875,0.0539570788643214,391.035255737278,0.170103647798663,0.382268183598836,"17","Ack_Ka_1"
18,"Ack_Ka_1",0.278020090069289,0.0538388792628737,389.80359817947,0.172169170059552,0.383871010079027,"18","Ack_Ka_1"
19,"Ack_Ka_1",0.279854264439829,0.0537209291425824,388.572982828355,0.174234200674735,0.385474328204922,"19","Ack_Ka_1"
20,"Ack_Ka_1",0.281688438810368,0.0536032301503446,387.343453101179,0.176298736420327,0.38707814120041,"20","Ack_Ka_1"
21,"Ack_Ka_1",0.283522613180908,0.0534857839440318,386.115052688992,0.178362774051336,0.388682452310479,"21","Ack_Ka_1"
22,"Ack_Ka_1",0.285356787551447,0.0533685921925328,384.887825554638,0.180426310301598,0.390287264801296,"22","Ack_Ka_1"
23,"Ack_Ka_1",0.287190961921987,0.0532516565757956,383.661815930739,0.182489341883697,0.391892581960277,"23","Ack_Ka_1"
24,"Ack_Ka_1",0.289025136292526,0.0531349787848687,382.437068317644,0.184551865488895,0.393498407096157,"24","Ack_Ka_1"
25,"Ack_Ka_1",0.290859310663066,0.0530185605219419,381.21362748123,0.186613877787063,0.395104743539068,"25","Ack_Ka_1"
26,"Ack_Ka_1",0.292693485033605,0.0529024035003851,379.991538450764,0.188675375426611,0.396711594640599,"26","Ack_Ka_1"
27,"Ack_Ka_1",0.294527659404145,0.0527865094447878,378.770846516572,0.190736355034421,0.398318963773868,"27","Ack_Ka_1"
28,"Ack_Ka_1",0.296361833774684,0.052670880090997,377.55159722777,0.192796813215783,0.399926854333585,"28","Ack_Ka_1"
29,"Ack_Ka_1",0.298196008145224,0.0525555171861534,376.333836389856,0.194856746554331,0.401535269736117,"29","Ack_Ka_1"
30,"Ack_Ka_1",0.300030182515763,0.0524404224887284,375.117610062275,0.196916151611982,0.403144213419544,"30","Ack_Ka_1"
31,"Ack_Ka_1",0.301864356886303,0.0523255977685586,373.902964555901,0.198975024928878,0.404753688843727,"31","Ack_Ka_1"
32,"Ack_Ka_1",0.303698531256842,0.0522110448068798,372.689946430515,0.201033363023329,0.406363699490355,"32","Ack_Ka_1"
33,"Ack_Ka_1",0.305532705627382,0.0520967653963605,371.478602492176,0.203091162391757,0.407974248863007,"33","Ack_Ka_1"
34,"Ack_Ka_1",0.307366879997921,0.0519827613411332,370.268979790533,0.205148419508641,0.409585340487201,"34","Ack_Ka_1"
35,"Ack_Ka_1",0.309201054368461,0.0518690344568259,369.061125616109,0.207205130826473,0.411196977910449,"35","Ack_Ka_1"
36,"Ack_Ka_1",0.311035228739,0.0517555865705911,367.855087497495,0.209261292775703,0.412809164702297,"36","Ack_Ka_1"
37,"Ack_Ka_1",0.31286940310954,0.0516424195211348,366.650913198515,0.211316901764701,0.414421904454378,"37","Ack_Ka_1"
38,"Ack_Ka_1",0.314703577480079,0.0515295351587437,365.448650715325,0.213371954179704,0.416035200780454,"38","Ack_Ka_1"
39,"Ack_Ka_1",0.316537751850619,0.0514169353453111,364.24834827346,0.215426446384785,0.417649057316452,"39","Ack_Ka_1"
40,"Ack_Ka_1",0.318371926221158,0.0513046219543618,363.050054324793,0.217480374721808,0.419263477720508,"40","Ack_Ka_1"
41,"Ack_Ka_1",0.320206100591698,0.0511925968710754,361.853817544461,0.219533735510397,0.420878465672998,"41","Ack_Ka_1"
42,"Ack_Ka_1",0.322040274962237,0.0510808619923086,360.65968682782,0.2215865250479,0.422494024876574,"42","Ack_Ka_1"
43,"Ack_Ka_1",0.323874449332777,0.0509694192266157,359.46771128716,0.223638739609363,0.42411015905619,"43","Ack_Ka_1"
44,"Ack_Ka_1",0.325708623703316,0.0508582704942678,358.277940248522,0.225690375447499,0.425726871959133,"44","Ack_Ka_1"
45,"Ack_Ka_1",0.327542798073856,0.0507474177272706,357.090423248418,0.227741428792668,0.427344167355043,"45","Ack_Ka_1"
46,"Ack_Ka_1",0.329376972444395,0.0506368628693807,355.905210030471,0.229791895852852,0.428962049035938,"46","Ack_Ka_1"
47,"Ack_Ka_1",0.331211146814934,0.0505266078761202,354.72235054206,0.231841772813643,0.430580520816226,"47","Ack_Ka_1"
48,"Ack_Ka_1",0.333045321185474,0.0504166547147898,353.541894930853,0.233891055838223,0.432199586532725,"48","Ack_Ka_1"
49,"Ack_Ka_1",0.334879495556013,0.0503070053644803,352.363893541303,0.235939741067353,0.433819250044674,"49","Ack_Ka_1"
50,"Ack_Ka_1",0.336713669926553,0.0501976618160821,351.188396911141,0.237987824619371,0.435439515233735,"50","Ack_Ka_1"
51,"Ack_Ka_1",0.338547844297092,0.0500886260722933,350.015455767786,0.240035302590181,0.437060386004004,"51","Ack_Ka_1"
52,"Ack_Ka_1",0.340382018667632,0.0499799001476261,348.845121024675,0.242082171053256,0.438681866282008,"52","Ack_Ka_1"
53,"Ack_Ka_1",0.342216193038171,0.049871486068411,347.677443777624,0.244128426059638,0.440303960016705,"53","Ack_Ka_1"
54,"Ack_Ka_1",0.344050367408711,0.0497633858727993,346.512475301064,0.246174063637948,0.441926671179474,"54","Ack_Ka_1"
55,"Ack_Ka_1",0.34588454177925,0.0496556016107641,345.350267044315,0.248219079794393,0.443550003764108,"55","Ack_Ka_1"
56,"Ack_Ka_1",0.34771871614979,0.0495481353440985,344.190870627701,0.250263470512782,0.445173961786798,"56","Ack_Ka_1"
57,"Ack_Ka_1",0.349552890520329,0.0494409891464123,343.034337838769,0.252307231754542,0.446798549286116,"57","Ack_Ka_1"
58,"Ack_Ka_1",0.351387064890869,0.0493341651031271,341.880720628312,0.254350359458744,0.448423770322994,"58","Ack_Ka_1"
59,"Ack_Ka_1",0.353221239261408,0.0492276653114682,340.730071106515,0.256392849542124,0.450049628980692,"59","Ack_Ka_1"
60,"Ack_Ka_1",0.355055413631948,0.0491214918804553,339.582441538886,0.258434697899119,0.451676129364777,"60","Ack_Ka_1"
61,"Ack_Ka_1",0.356889588002487,0.0490156469308906,338.4378843423,0.260475900401897,0.453303275603078,"61","Ack_Ka_1"
62,"Ack_Ka_1",0.358723762373027,0.0489101325953446,337.296452080916,0.262516452900399,0.454931071845655,"62","Ack_Ka_1"
63,"Ack_Ka_1",0.360557936743566,0.0488049510181399,336.158197462092,0.264556351222382,0.456559522264751,"63","Ack_Ka_1"
64,"Ack_Ka_1",0.362392111114106,0.0487001043553324,335.023173332261,0.266595591173467,0.458188631054745,"64","Ack_Ka_1"
65,"Ack_Ka_1",0.364226285484645,0.04859559477469,333.89143267279,0.268634168537192,0.459818402432098,"65","Ack_Ka_1"
66,"Ack_Ka_1",0.366060459855185,0.0484914244556691,332.763028595764,0.270672079075072,0.461448840635297,"66","Ack_Ka_1"
67,"Ack_Ka_1",0.367894634225724,0.0483875955893888,331.638014339775,0.272709318526657,0.463079949924791,"67","Ack_Ka_1"
68,"Ack_Ka_1",0.369728808596264,0.0482841103786017,330.516443265668,0.274745882609603,0.464711734582924,"68","Ack_Ka_1"
69,"Ack_Ka_1",0.371562982966803,0.0481809710376631,329.398368852271,0.276781767019744,0.466344198913862,"69","Ack_Ka_1"
70,"Ack_Ka_1",0.373397157337343,0.0480781797924968,328.283844692123,0.278816967431171,0.467977347243515,"70","Ack_Ka_1"
71,"Ack_Ka_1",0.375231331707882,0.0479757388805587,327.172924487077,0.28085147949631,0.469611183919455,"71","Ack_Ka_1"
72,"Ack_Ka_1",0.377065506078422,0.047873650550797,326.065662044013,0.282885298846018,0.471245713310826,"72","Ack_Ka_1"
73,"Ack_Ka_1",0.378899680448961,0.0477719170636106,324.962111270458,0.28491842108967,0.472880939808252,"73","Ack_Ka_1"
74,"Ack_Ka_1",0.380733854819501,0.0476705406908033,323.862326170147,0.286950841815266,0.474516867823736,"74","Ack_Ka_1"
75,"Ack_Ka_1",0.38256802919004,0.0475695237155361,322.766360838668,0.288982556589525,0.476153501790555,"75","Ack_Ka_1"
76,"Ack_Ka_1",0.38440220356058,0.0474688684322763,321.674269459031,0.291013560958008,0.477790846163151,"76","Ack_Ka_1"
77,"Ack_Ka_1",0.386236377931119,0.047368577146743,320.586106297202,0.293043850445227,0.479428905417012,"77","Ack_Ka_1"
78,"Ack_Ka_1",0.388070552301659,0.0472686521758502,319.501925697656,0.295073420554768,0.48106768404855,"78","Ack_Ka_1"
79,"Ack_Ka_1",0.389904726672198,0.0471690958476465,318.421782078942,0.297102266769423,0.482707186574973,"79","Ack_Ka_1"
80,"Ack_Ka_1",0.391738901042738,0.0470699105012511,317.34572992917,0.299130384551325,0.484347417534151,"80","Ack_Ka_1"
81,"Ack_Ka_1",0.393573075413277,0.0469710984867876,316.273823801554,0.301157769342083,0.485988381484472,"81","Ack_Ka_1"
82,"Ack_Ka_1",0.395407249783817,0.0468726621653133,315.20611830991,0.303184416562936,0.487630083004697,"82","Ack_Ka_1"
83,"Ack_Ka_1",0.397241424154356,0.0467746039087458,314.142668124167,0.305210321614906,0.489272526693806,"83","Ack_Ka_1"
84,"Ack_Ka_1",0.399075598524896,0.0466769260997864,313.083527965894,0.307235479878954,0.490915717170837,"84","Ack_Ka_1"
85,"Ack_Ka_1",0.400909772895435,0.0465796311318387,312.028752603762,0.309259886716151,0.492559659074719,"85","Ack_Ka_1"
86,"Ack_Ka_1",0.402743947265975,0.0464827214089254,310.978396849091,0.311283537467851,0.494204357064098,"86","Ack_Ka_1"
87,"Ack_Ka_1",0.404578121636514,0.0463861993456003,309.932515551331,0.313306427455872,0.495849815817156,"87","Ack_Ka_1"
88,"Ack_Ka_1",0.406412296007054,0.0462900673668569,308.8911635936,0.315328551982682,0.497496040031426,"88","Ack_Ka_1"
89,"Ack_Ka_1",0.408246470377593,0.0461943279080334,307.854395888183,0.317349906331594,0.499143034423593,"89","Ack_Ka_1"
90,"Ack_Ka_1",0.410080644748133,0.0460989834147137,306.822267372071,0.31937048576697,0.500790803729296,"90","Ack_Ka_1"
91,"Ack_Ka_1",0.411914819118672,0.0460040363426251,305.794833002524,0.321390285534428,0.502439352702917,"91","Ack_Ka_1"
92,"Ack_Ka_1",0.413748993489212,0.0459094891575312,304.77214775258,0.323409300861057,0.504088686117366,"92","Ack_Ka_1"
93,"Ack_Ka_1",0.415583167859751,0.0458153443351216,303.754266606665,0.325427526955646,0.505738808763856,"93","Ack_Ka_1"
94,"Ack_Ka_1",0.417417342230291,0.0457216043608974,302.741244556155,0.32744495900891,0.507389725451672,"94","Ack_Ka_1"
95,"Ack_Ka_1",0.41925151660083,0.0456282717300522,301.733136594989,0.329461592193728,0.509041441007932,"95","Ack_Ka_1"
96,"Ack_Ka_1",0.42108569097137,0.0455353489473498,300.72999771531,0.331477421665398,0.510693960277342,"96","Ack_Ka_1"
97,"Ack_Ka_1",0.422919865341909,0.0454428385269969,299.731882903063,0.33349244256188,0.512347288121938,"97","Ack_Ka_1"
98,"Ack_Ka_1",0.424754039712449,0.0453507429925124,298.738847133727,0.33550665000407,0.514001429420828,"98","Ack_Ka_1"
99,"Ack_Ka_1",0.426588214082988,0.0452590648765911,297.750945367982,0.337520039096059,0.515656389069917,"99","Ack_Ka_1"
100,"Ack_Ka_1",0.428422388453528,0.0451678067209649,296.768232547445,0.339532604925421,0.517312171981634,"100","Ack_Ka_1"
101,"Ack_Ka_1",0.430256562824067,0.0450769710762577,295.790763590413,0.341544342563494,0.51896878308464,"101","Ack_Ka_1"
102,"Ack_Ka_1",0.432090737194607,0.0449865605018375,294.818593387662,0.343555247065676,0.520626227323538,"102","Ack_Ka_1"
103,"Ack_Ka_1",0.433924911565146,0.0448965775656629,293.851776798312,0.345565313471728,0.522284509658564,"103","Ack_Ka_1"
104,"Ack_Ka_1",0.435759085935686,0.0448070248441254,292.890368645612,0.347574536806088,0.523943635065283,"104","Ack_Ka_1"
105,"Ack_Ka_1",0.437593260306225,0.044717904921887,291.934423712894,0.349582912078187,0.525603608534263,"105","Ack_Ka_1"
106,"Ack_Ka_1",0.439427434676765,0.0446292203917139,290.983996739493,0.351590434282782,0.527264435070747,"106","Ack_Ka_1"
107,"Ack_Ka_1",0.441261609047304,0.044540973854304,290.039142416757,0.353597098400288,0.52892611969432,"107","Ack_Ka_1"
108,"Ack_Ka_1",0.443095783417844,0.0444531679181113,289.099915384031,0.35560289939713,0.530588667438557,"108","Ack_Ka_1"
109,"Ack_Ka_1",0.444929957788383,0.0443658051991642,288.166370224739,0.357607832226094,0.532252083350672,"109","Ack_Ka_1"
110,"Ack_Ka_1",0.446764132158923,0.0442788883208798,287.238561462542,0.35961189182669,0.533916372491155,"110","Ack_Ka_1"
111,"Ack_Ka_1",0.448598306529462,0.0441924199138732,286.31654355745,0.361615073125529,0.535581539933396,"111","Ack_Ka_1"
112,"Ack_Ka_1",0.450432480900002,0.0441064026157612,285.400370902094,0.363617371036698,0.537247590763305,"112","Ack_Ka_1"
113,"Ack_Ka_1",0.452266655270541,0.044020839070962,284.49009781795,0.365618780462159,0.538914530078923,"113","Ack_Ka_1"
114,"Ack_Ka_1",0.454100829641081,0.0439357319304894,283.585778551723,0.367619296292142,0.540582362990019,"114","Ack_Ka_1"
115,"Ack_Ka_1",0.45593500401162,0.0438510838517419,282.687467271675,0.369618913405556,0.542251094617684,"115","Ack_Ka_1"
116,"Ack_Ka_1",0.45776917838216,0.043766897498287,281.795218064109,0.371617626670408,0.543920730093911,"116","Ack_Ka_1"
117,"Ack_Ka_1",0.459603352752699,0.0436831755396399,280.909084929849,0.373615430944232,0.545591274561166,"117","Ack_Ka_1"
118,"Ack_Ka_1",0.461437527123239,0.043599920651038,280.029121780813,0.375612321074521,0.547262733171956,"118","Ack_Ka_1"
119,"Ack_Ka_1",0.463271701493778,0.0435171355132091,279.155382436638,0.377608291899179,0.548935111088377,"119","Ack_Ka_1"
120,"Ack_Ka_1",0.465105875864318,0.0434348228121353,278.28792062137,0.379603338246972,0.550608413481663,"120","Ack_Ka_1"
121,"Ack_Ka_1",0.466940050234857,0.0433529852388108,277.426789960224,0.381597454937997,0.552282645531717,"121","Ack_Ka_1"
122,"Ack_Ka_1",0.468774224605396,0.0432716254889955,276.572043976407,0.383590636784153,0.55395781242664,"122","Ack_Ka_1"
123,"Ack_Ka_1",0.470608398975936,0.0431907462629625,275.723736087995,0.385582878589629,0.555633919362243,"123","Ack_Ka_1"
124,"Ack_Ka_1",0.472442573346475,0.0431103502652404,274.881919604924,0.387574175151393,0.557310971541558,"124","Ack_Ka_1"
125,"Ack_Ka_1",0.474276747717015,0.0430304402043507,274.046647726005,0.3895645212597,0.55898897417433,"125","Ack_Ka_1"
126,"Ack_Ka_1",0.476110922087554,0.0429510187925393,273.217973536035,0.391553911698603,0.560667932476506,"126","Ack_Ka_1"
127,"Ack_Ka_1",0.477945096458094,0.0428720887455033,272.395950002968,0.393542341246473,0.562347851669715,"127","Ack_Ka_1"
128,"Ack_Ka_1",0.479779270828633,0.0427936527821118,271.580629975185,0.395529804676536,0.56402873698073,"128","Ack_Ka_1"
129,"Ack_Ka_1",0.481613445199173,0.0427157136241214,270.772066178814,0.397516296757412,0.565710593640934,"129","Ack_Ka_1"
130,"Ack_Ka_1",0.483447619569712,0.0426382739958871,269.970311215135,0.399501812253663,0.567393426885762,"130","Ack_Ka_1"
131,"Ack_Ka_1",0.485281793940252,0.0425613366240667,269.175417558071,0.401486345926361,0.569077241954143,"131","Ack_Ka_1"
132,"Ack_Ka_1",0.487115968310791,0.0424849042373202,268.38743755174,0.403469892533653,0.57076204408793,"132","Ack_Ka_1"
133,"Ack_Ka_1",0.488950142681331,0.0424089795660047,267.606423408093,0.405452446831345,0.572447838531317,"133","Ack_Ka_1"
134,"Ack_Ka_1",0.49078431705187,0.0423335653418623,266.83242720466,0.407434003573487,0.574134630530253,"134","Ack_Ka_1"
135,"Ack_Ka_1",0.49261849142241,0.0422586642977037,266.065500882329,0.409414557512978,0.575822425331842,"135","Ack_Ka_1"
136,"Ack_Ka_1",0.494452665792949,0.0421842791670866,265.305696243212,0.411394103402168,0.577511228183731,"136","Ack_Ka_1"
137,"Ack_Ka_1",0.496286840163489,0.0421104126839878,264.553064948658,0.413372635993483,0.579201044333495,"137","Ack_Ka_1"
138,"Ack_Ka_1",0.498121014534028,0.0420370675824706,263.807658517245,0.415350150040048,0.580891879028009,"138","Ack_Ka_1"
139,"Ack_Ka_1",0.499955188904568,0.0419642465963471,263.069528322937,0.417326640296327,0.582583737512809,"139","Ack_Ka_1"
140,"Ack_Ka_1",0.501789363275107,0.0418919524588342,262.33872559328,0.419302101518766,0.584276625031448,"140","Ack_Ka_1"
141,"Ack_Ka_1",0.503623537645647,0.041820187902206,261.615301407701,0.421276528466453,0.58597054682484,"141","Ack_Ka_1"
142,"Ack_Ka_1",0.505457712016186,0.0417489556574387,260.899306695871,0.42324991590178,0.587665508130593,"142","Ack_Ka_1"
143,"Ack_Ka_1",0.507291886386726,0.0416782584538525,260.190792236158,0.425222258591116,0.589361514182336,"143","Ack_Ka_1"
144,"Ack_Ka_1",0.509126060757265,0.041608099018747,259.489808654193,0.427193551305493,0.591058570209038,"144","Ack_Ka_1"
145,"Ack_Ka_1",0.510960235127805,0.0415384800770318,258.796406421436,0.429163788821296,0.592756681434313,"145","Ack_Ka_1"
146,"Ack_Ka_1",0.512794409498344,0.041469404350852,258.110635853928,0.431132965920967,0.594455853075722,"146","Ack_Ka_1"
147,"Ack_Ka_1",0.514628583868884,0.0414008745592087,257.432547111035,0.433101077393709,0.596156090344058,"147","Ack_Ka_1"
148,"Ack_Ka_1",0.516462758239423,0.0413328934175746,256.762190194337,0.435068118036211,0.597857398442636,"148","Ack_Ka_1"
149,"Ack_Ka_1",0.518296932609963,0.0412654636375047,256.099614946541,0.43703408265337,0.599559782566556,"149","Ack_Ka_1"
150,"Ack_Ka_1",0.520131106980502,0.0411985879262413,255.444871050527,0.438998966059028,0.601263247901977,"150","Ack_Ka_1"
151,"Ack_Ka_1",0.521965281351042,0.0411322689863158,254.79800802842,0.440962763076718,0.602967799625365,"151","Ack_Ka_1"
152,"Ack_Ka_1",0.523799455721581,0.041066509515144,254.159075240787,0.442925468540414,0.604673442902748,"152","Ack_Ka_1"
153,"Ack_Ka_1",0.525633630092121,0.0410013122046182,253.52812188589,0.44488707729529,0.606380182888951,"153","Ack_Ka_1"
154,"Ack_Ka_1",0.52746780446266,0.0409366797406936,252.905196998983,0.446847584198491,0.608088024726829,"154","Ack_Ka_1"
155,"Ack_Ka_1",0.5293019788332,0.0408726148029709,252.290349451757,0.448806984119907,0.609796973546492,"155","Ack_Ka_1"
156,"Ack_Ka_1",0.531136153203739,0.0408091200642741,251.68362795175,0.450765271942956,0.611507034464522,"156","Ack_Ka_1"
157,"Ack_Ka_1",0.532970327574279,0.0407461981902242,251.085081041966,0.452722442565377,0.613218212583181,"157","Ack_Ka_1"
158,"Ack_Ka_1",0.534804501944818,0.0406838518388081,250.49475710043,0.454678490900024,0.614930512989612,"158","Ack_Ka_1"
159,"Ack_Ka_1",0.536638676315358,0.0406220836599446,249.912704339889,0.45663341187568,0.616643940755036,"159","Ack_Ka_1"
160,"Ack_Ka_1",0.538472850685897,0.0405608962950447,249.338970807574,0.458587200437857,0.618358500933937,"160","Ack_Ka_1"
161,"Ack_Ka_1",0.540307025056437,0.0405002923765691,248.77360438496,0.460539851549626,0.620074198563247,"161","Ack_Ka_1"
162,"Ack_Ka_1",0.542141199426976,0.0404402745275817,248.216652787714,0.462491360192437,0.621791038661515,"162","Ack_Ka_1"
163,"Ack_Ka_1",0.543975373797516,0.040380845361299,247.668163565552,0.464441721366951,0.623509026228081,"163","Ack_Ka_1"
164,"Ack_Ka_1",0.545809548168055,0.0403220074806364,247.128184102281,0.466390930093879,0.625228166242231,"164","Ack_Ka_1"
165,"Ack_Ka_1",0.547643722538595,0.0402637634777504,246.596761615818,0.468338981414827,0.626948463662363,"165","Ack_Ka_1"
166,"Ack_Ka_1",0.549477896909134,0.0402061159335784,246.073943158311,0.470285870393142,0.628669923425127,"166","Ack_Ka_1"
167,"Ack_Ka_1",0.551312071279674,0.040149067417374,245.559775616243,0.472231592114771,0.630392550444576,"167","Ack_Ka_1"
168,"Ack_Ka_1",0.553146245650213,0.0400926204862407,245.054305710689,0.474176141689119,0.632116349611307,"168","Ack_Ka_1"
169,"Ack_Ka_1",0.554980420020753,0.0400367776846612,244.557579997505,0.476119514249913,0.633841325791592,"169","Ack_Ka_1"
170,"Ack_Ka_1",0.556814594391292,0.0399815415440254,244.069644867644,0.478061704956073,0.635567483826511,"170","Ack_Ka_1"
171,"Ack_Ka_1",0.558648768761832,0.0399269145821543,243.590546547456,0.480002708992588,0.637294828531075,"171","Ack_Ka_1"
172,"Ack_Ka_1",0.560482943132371,0.0398728993028229,243.12033109907,0.48194252157139,0.639023364693352,"172","Ack_Ka_1"
173,"Ack_Ka_1",0.562317117502911,0.0398194981952791,242.659044420758,0.483881137932239,0.640753097073582,"173","Ack_Ka_1"
174,"Ack_Ka_1",0.56415129187345,0.0397667137337623,242.206732247373,0.485818553343608,0.642484030403292,"174","Ack_Ka_1"
175,"Ack_Ka_1",0.56598546624399,0.0397145483770186,241.763440150795,0.487754763103571,0.644216169384409,"175","Ack_Ka_1"
176,"Ack_Ka_1",0.567819640614529,0.0396630045678146,241.329213540396,0.489689762540696,0.645949518688362,"176","Ack_Ka_1"
177,"Ack_Ka_1",0.569653814985069,0.0396120847324499,240.90409766353,0.491623547014941,0.647684082955196,"177","Ack_Ka_1"
178,"Ack_Ka_1",0.571487989355608,0.0395617912802679,240.488137606033,0.493556111918548,0.649419866792668,"178","Ack_Ka_1"
179,"Ack_Ka_1",0.573322163726148,0.0395121266031652,240.081378292748,0.495487452676941,0.651156874775354,"179","Ack_Ka_1"
180,"Ack_Ka_1",0.575156338096687,0.0394630930751,239.683864488033,0.497417564749632,0.652895111443742,"180","Ack_Ka_1"
181,"Ack_Ka_1",0.576990512467227,0.0394146930515999,239.295640796311,0.499346443631119,0.654634581303334,"181","Ack_Ka_1"
182,"Ack_Ka_1",0.578824686837766,0.0393669288692686,238.916751662571,0.501274084851789,0.656375288823743,"182","Ack_Ka_1"
183,"Ack_Ka_1",0.580658861208306,0.0393198028452923,238.547241372917,0.503200483978823,0.658117238437788,"183","Ack_Ka_1"
184,"Ack_Ka_1",0.582493035578845,0.0392733172769456,238.187154055046,0.505125636617102,0.659860434540588,"184","Ack_Ka_1"
185,"Ack_Ka_1",0.584327209949385,0.039227474441098,237.836533678804,0.507049538410107,0.661604881488662,"185","Ack_Ka_1"
186,"Ack_Ka_1",0.586161384319924,0.0391822765937194,237.495424056604,0.508972185040827,0.663350583599021,"186","Ack_Ka_1"
187,"Ack_Ka_1",0.587995558690464,0.0391377259693873,237.163868843949,0.510893572232657,0.66509754514827,"187","Ack_Ka_1"
188,"Ack_Ka_1",0.589829733061003,0.0390938247807932,236.841911539825,0.512813695750307,0.666845770371699,"188","Ack_Ka_1"
189,"Ack_Ka_1",0.591663907431543,0.0390505752182506,236.529595487132,0.514732551400698,0.668595263462388,"189","Ack_Ka_1"
190,"Ack_Ka_1",0.593498081802082,0.0390079794492039,236.226963873042,0.516650135033859,0.670346028570305,"190","Ack_Ka_1"
191,"Ack_Ka_1",0.595332256172622,0.0389660396177384,235.934059729338,0.51856644254383,0.672098069801413,"191","Ack_Ka_1"
192,"Ack_Ka_1",0.597166430543161,0.0389247578440918,235.650925932675,0.52048146986955,0.673851391216772,"192","Ack_Ka_1"
193,"Ack_Ka_1",0.599000604913701,0.0388841362241673,235.377605204863,0.522395212995751,0.67560599683165,"193","Ack_Ka_1"
194,"Ack_Ka_1",0.60083477928424,0.0388441768290485,235.114140112991,0.524307667953844,0.677361890614636,"194","Ack_Ka_1"
195,"Ack_Ka_1",0.602668953654779,0.038804881704517,234.860573069601,0.526218830822805,0.679119076486754,"195","Ack_Ka_1"
196,"Ack_Ka_1",0.604503128025319,0.0387662528705718,234.616946332704,0.528128697730053,0.680877558320585,"196","Ack_Ka_1"
197,"Ack_Ka_1",0.606337302395858,0.0387282923209512,234.383302005796,0.530037264852324,0.682637339939393,"197","Ack_Ka_1"
198,"Ack_Ka_1",0.608171476766398,0.0386910020226585,234.159682037756,0.531944528416544,0.684398425116252,"198","Ack_Ka_1"
199,"Ack_Ka_1",0.610005651136937,0.0386543839154896,233.94612822268,0.533850484700692,0.686160817573183,"199","Ack_Ka_1"
200,"Ack_Ka_1",0.611839825507477,0.0386184399115648,233.742682199648,0.535755130034658,0.687924520980296,"200","Ack_Ka_1"
201,"Ack_Ka_1",0.613673999878017,0.0385831718948637,233.549385452353,0.5376584608011,0.689689538954933,"201","Ack_Ka_1"
202,"Ack_Ka_1",0.615508174248556,0.0385485817207643,233.366279308702,0.539560473436283,0.691455875060829,"202","Ack_Ka_1"
203,"Ack_Ka_1",0.617342348619095,0.0385146712155857,233.19340494024,0.541461164430926,0.693223532807265,"203","Ack_Ka_1"
204,"Ack_Ka_1",0.619176522989635,0.0384814421761356,233.030803361564,0.543360530331026,0.694992515648244,"204","Ack_Ka_1"
205,"Ack_Ka_1",0.621010697360174,0.038448896369262,232.878515429509,0.545258567738688,0.696762826981661,"205","Ack_Ka_1"
206,"Ack_Ka_1",0.622844871730714,0.03841703553141,232.736581842336,0.547155273312938,0.69853447014849,"206","Ack_Ka_1"
207,"Ack_Ka_1",0.624679046101253,0.038385861368183,232.605043138719,0.549050643770529,0.700307448431978,"207","Ack_Ka_1"
208,"Ack_Ka_1",0.626513220471793,0.0383553755539102,232.483939696636,0.55094467588674,0.702081765056846,"208","Ack_Ka_1"
209,"Ack_Ka_1",0.628347394842332,0.0383255797312187,232.373311732142,0.552837366496164,0.703857423188501,"209","Ack_Ka_1"
210,"Ack_Ka_1",0.630181569212872,0.0382964755106119,232.27319929797,0.554728712493487,0.705634425932257,"210","Ack_Ka_1"
211,"Ack_Ka_1",0.632015743583411,0.0382680644700534,232.183642282034,0.556618710834254,0.707412776332569,"211","Ack_Ka_1"
212,"Ack_Ka_1",0.633849917953951,0.0382403481545582,232.104680405744,0.558507358535627,0.709192477372274,"212","Ack_Ka_1"
213,"Ack_Ka_1",0.63568409232449,0.0382133280757886,232.036353222219,0.560394652677135,0.710973531971846,"213","Ack_Ka_1"
214,"Ack_Ka_1",0.63751826669503,0.0381870057116589,231.978700114285,0.562280590401401,0.712755942988659,"214","Ack_Ka_1"
215,"Ack_Ka_1",0.639352441065569,0.0381613825059453,231.931760292381,0.564165168914872,0.714539713216267,"215","Ack_Ka_1"
216,"Ack_Ka_1",0.641186615436109,0.0381364598679039,231.895572792238,0.566048385488525,0.716324845383693,"216","Ack_Ka_1"
217,"Ack_Ka_1",0.643020789806648,0.038112239171896,231.87017647242,0.567930237458566,0.718111342154731,"217","Ack_Ka_1"
218,"Ack_Ka_1",0.644854964177188,0.0380887217570208,231.855610011693,0.569810722227114,0.719899206127261,"218","Ack_Ka_1"
219,"Ack_Ka_1",0.646689138547727,0.0380659089267558,231.85191190622,0.571689837262873,0.721688439832581,"219","Ack_Ka_1"
220,"Ack_Ka_1",0.648523312918267,0.0380438019486062,231.859120466521,0.573567580101789,0.723479045734745,"220","Ack_Ka_1"
221,"Ack_Ka_1",0.650357487288806,0.0380224020537611,231.87727381433,0.575443948347689,0.725271026229924,"221","Ack_Ka_1"
222,"Ack_Ka_1",0.652191661659346,0.0380017104367596,231.906409879195,0.577318939672916,0.727064383645775,"222","Ack_Ka_1"
223,"Ack_Ka_1",0.654025836029885,0.0379817282551646,231.946566394901,0.579192551818939,0.728859120240832,"223","Ack_Ka_1"
224,"Ack_Ka_1",0.655860010400425,0.0379624566292462,231.997780895702,0.581064782596947,0.730655238203903,"224","Ack_Ka_1"
225,"Ack_Ka_1",0.657694184770964,0.0379438966416736,232.06009071234,0.582935629888438,0.732452739653491,"225","Ack_Ka_1"
226,"Ack_Ka_1",0.659528359141504,0.0379260493372167,232.133532967875,0.584805091645781,0.734251626637227,"226","Ack_Ka_1"
227,"Ack_Ka_1",0.661362533512043,0.0379089157224573,232.218144573253,0.586673165892767,0.73605190113132,"227","Ack_Ka_1"
228,"Ack_Ka_1",0.663196707882583,0.0378924967655092,232.313962222727,0.588539850725141,0.737853565040024,"228","Ack_Ka_1"
229,"Ack_Ka_1",0.665030882253122,0.037876793395749,232.421022389024,0.590405144311122,0.739656620195122,"229","Ack_Ka_1"
230,"Ack_Ka_1",0.666865056623662,0.0378618065035568,232.539361318275,0.592269044891895,0.741461068355428,"230","Ack_Ka_1"
231,"Ack_Ka_1",0.668699230994201,0.0378475369400661,232.669015024773,0.594131550782098,0.743266911206304,"231","Ack_Ka_1"
232,"Ack_Ka_1",0.670533405364741,0.0378339855169258,232.810019285439,0.595992660370284,0.745074150359198,"232","Ack_Ka_1"
233,"Ack_Ka_1",0.67236757973528,0.0378211530060707,232.962409634103,0.597852372119362,0.746882787351199,"233","Ack_Ka_1"
234,"Ack_Ka_1",0.67420175410582,0.0378090401395043,233.126221355564,0.599710684567029,0.748692823644611,"234","Ack_Ka_1"
235,"Ack_Ka_1",0.676035928476359,0.0377976476090916,233.301489479359,0.601567596326175,0.750504260626543,"235","Ack_Ka_1"
236,"Ack_Ka_1",0.677870102846899,0.0377869760663628,233.488248773347,0.603423106085272,0.752317099608525,"236","Ack_Ka_1"
237,"Ack_Ka_1",0.679704277217438,0.0377770261223281,233.686533737039,0.605277212608743,0.754131341826133,"237","Ack_Ka_1"
238,"Ack_Ka_1",0.681538451587978,0.0377677983473041,233.896378594676,0.607129914737313,0.755946988438643,"238","Ack_Ka_1"
239,"Ack_Ka_1",0.683372625958517,0.0377592932707509,234.117817288089,0.608981211388336,0.757764040528698,"239","Ack_Ka_1"
240,"Ack_Ka_1",0.685206800329057,0.0377515113811209,234.350883469284,0.610831101556112,0.759582499102001,"240","Ack_Ka_1"
241,"Ack_Ka_1",0.687040974699596,0.0377444531257191,234.595610492816,0.61267958431217,0.761402365087023,"241","Ack_Ka_1"
242,"Ack_Ka_1",0.688875149070136,0.037738118910575,234.852031407895,0.614526658805541,0.76322363933473,"242","Ack_Ka_1"
243,"Ack_Ka_1",0.690709323440675,0.0377325091003258,235.120178950257,0.616372324263008,0.765046322618342,"243","Ack_Ka_1"
244,"Ack_Ka_1",0.692543497811215,0.037727624018112,235.400085533788,0.618216579989333,0.766870415633097,"244","Ack_Ka_1"
245,"Ack_Ka_1",0.694377672181754,0.0377234639454844,235.691783241893,0.620059425367465,0.768695918996044,"245","Ack_Ka_1"
246,"Ack_Ka_1",0.696211846552294,0.0377200291223227,235.995303818635,0.621900859858727,0.770522833245861,"246","Ack_Ka_1"
247,"Ack_Ka_1",0.698046020922833,0.0377173197467671,236.310678659616,0.623740883002982,0.772351158842684,"247","Ack_Ka_1"
248,"Ack_Ka_1",0.699880195293373,0.0377153359751607,236.637938802603,0.625579494418779,0.774180896167966,"248","Ack_Ka_1"
249,"Ack_Ka_1",0.701714369663912,0.0377140779220042,236.977114917949,0.627416693803471,0.776012045524354,"249","Ack_Ka_1"
250,"Ack_Ka_1",0.703548544034452,0.0377135456599237,237.328237298715,0.629252480933321,0.777844607135582,"250","Ack_Ka_1"
251,"Ack_Ka_1",0.705382718404991,0.0377137392196487,237.691335850598,0.631086855663582,0.7796785811464,"251","Ack_Ka_1"
252,"Ack_Ka_1",0.707216892775531,0.0377146585900041,238.066440081597,0.632919817928555,0.781513967622506,"252","Ack_Ka_1"
253,"Ack_Ka_1",0.70905106714607,0.037716303717913,238.45357909142,0.634751367741623,0.783350766550517,"253","Ack_Ka_1"
254,"Ack_Ka_1",0.71088524151661,0.0377186745084119,238.852781560726,0.636581505195272,0.785188977837947,"254","Ack_Ka_1"
255,"Ack_Ka_1",0.712719415887149,0.0377217708246786,239.264075740038,0.638410230461079,0.787028601313219,"255","Ack_Ka_1"
256,"Ack_Ka_1",0.714553590257689,0.037725592488071,239.687489438484,0.640237543789688,0.788869636725689,"256","Ack_Ka_1"
257,"Ack_Ka_1",0.716387764628228,0.0377301392781793,240.123050012316,0.642063445510759,0.790712083745697,"257","Ack_Ka_1"
258,"Ack_Ka_1",0.718221938998768,0.037735410932889,240.570784353162,0.643887936032895,0.79255594196464,"258","Ack_Ka_1"
259,"Ack_Ka_1",0.720056113369307,0.0377414071484566,241.030718876104,0.645711015843551,0.794401210895063,"259","Ack_Ka_1"
260,"Ack_Ka_1",0.721890287739847,0.0377481275795969,241.502879507474,0.647532685508918,0.796247889970775,"260","Ack_Ka_1"
261,"Ack_Ka_1",0.723724462110386,0.0377555718395823,241.987291672535,0.649352945673787,0.798095978546985,"261","Ack_Ka_1"
262,"Ack_Ka_1",0.725558636480926,0.0377637395003537,242.483980282837,0.651171797061391,0.79994547590046,"262","Ack_Ka_1"
263,"Ack_Ka_1",0.727392810851465,0.0377726300926434,242.992969723477,0.652989240473228,0.801796381229702,"263","Ack_Ka_1"
264,"Ack_Ka_1",0.729226985222005,0.0377822431061094,243.514283840072,0.654805276788856,0.803648693655153,"264","Ack_Ka_1"
265,"Ack_Ka_1",0.731061159592544,0.0377925779894811,244.04794592559,0.656619906965677,0.805502412219411,"265","Ack_Ka_1"
266,"Ack_Ka_1",0.732895333963083,0.0378036341507168,244.593978706988,0.65843313203869,0.807357535887477,"266","Ack_Ka_1"
267,"Ack_Ka_1",0.734729508333623,0.0378154109571729,245.152404331639,0.660244953120227,0.809214063547019,"267","Ack_Ka_1"
268,"Ack_Ka_1",0.736563682704163,0.0378279077357825,245.72324435362,0.662055371399674,0.811071994008651,"268","Ack_Ka_1"
269,"Ack_Ka_1",0.738397857074702,0.0378411237732478,246.306519719801,0.663864388143158,0.812931326006246,"269","Ack_Ka_1"
270,"Ack_Ka_1",0.740232031445242,0.0378550583162412,246.902250755774,0.665672004693229,0.814792058197254,"270","Ack_Ka_1"
271,"Ack_Ka_1",0.742066205815781,0.0378697105716187,247.510457151658,0.667478222468509,0.816654189163053,"271","Ack_Ka_1"
272,"Ack_Ka_1",0.74390038018632,0.0378850797066431,248.131157947706,0.669283042963328,0.818517717409313,"272","Ack_Ka_1"
273,"Ack_Ka_1",0.74573455455686,0.0379011648492181,248.764371519798,0.671086467747339,0.820382641366381,"273","Ack_Ka_1"
274,"Ack_Ka_1",0.747568728927399,0.0379179650881333,249.410115564802,0.672888498465112,0.822248959389687,"274","Ack_Ka_1"
275,"Ack_Ka_1",0.749402903297939,0.0379354794733184,250.068407085814,0.674689136835709,0.824116669760169,"275","Ack_Ka_1"
276,"Ack_Ka_1",0.751237077668478,0.0379537070161087,250.739262377256,0.676488384652239,0.825985770684718,"276","Ack_Ka_1"
277,"Ack_Ka_1",0.753071252039018,0.0379726466895192,251.422697009871,0.678286243781398,0.827856260296638,"277","Ack_Ka_1"
278,"Ack_Ka_1",0.754905426409557,0.0379922974285298,252.118725815666,0.680082716162987,0.829728136656128,"278","Ack_Ka_1"
279,"Ack_Ka_1",0.756739600780097,0.038012658130379,252.827362872681,0.681877803809409,0.831601397750785,"279","Ack_Ka_1"
280,"Ack_Ka_1",0.758573775150636,0.0380337276548676,253.548621489752,0.683671508805155,0.833476041496118,"280","Ack_Ka_1"
281,"Ack_Ka_1",0.760407949521176,0.0380555048246716,254.282514191162,0.685463833306268,0.835352065736084,"281","Ack_Ka_1"
282,"Ack_Ka_1",0.762242123891715,0.0380779884256632,255.029052701236,0.687254779539787,0.837229468243644,"282","Ack_Ka_1"
283,"Ack_Ka_1",0.764076298262255,0.0381011772072421,255.788247928881,0.689044349803181,0.839108246721329,"283","Ack_Ka_1"
284,"Ack_Ka_1",0.765910472632794,0.0381250698826739,256.560109952117,0.69083254646376,0.840988398801829,"284","Ack_Ka_1"
285,"Ack_Ka_1",0.767744647003334,0.0381496651294379,257.344648002527,0.692619371958071,0.842869922048597,"285","Ack_Ka_1"
286,"Ack_Ka_1",0.769578821373873,0.0381749615895828,258.14187044971,0.694404828791279,0.844752813956468,"286","Ack_Ka_1"
287,"Ack_Ka_1",0.771412995744413,0.0382009578700897,258.951784785751,0.696188919536534,0.846637071952292,"287","Ack_Ka_1"
288,"Ack_Ka_1",0.773247170114952,0.0382276525432441,259.774397609621,0.697971646834317,0.848522693395588,"288","Ack_Ka_1"
289,"Ack_Ka_1",0.775081344485492,0.0382550441470141,260.609714611676,0.699753013391777,0.850409675579207,"289","Ack_Ka_1"
290,"Ack_Ka_1",0.776915518856031,0.0382831311854372,261.457740558122,0.701533021982049,0.852298015730013,"290","Ack_Ka_1"
291,"Ack_Ka_1",0.778749693226571,0.0383119121290123,262.318479275524,0.703311675443561,0.85418771100958,"291","Ack_Ka_1"
292,"Ack_Ka_1",0.78058386759711,0.038341385415101,263.191933635385,0.705088976679324,0.856078758514896,"292","Ack_Ka_1"
293,"Ack_Ka_1",0.78241804196765,0.0383715494483328,264.078105538745,0.706864928656212,0.857971155279088,"293","Ack_Ka_1"
294,"Ack_Ka_1",0.784252216338189,0.0384024026010192,264.976995900922,0.708639534404224,0.859864898272154,"294","Ack_Ka_1"
295,"Ack_Ka_1",0.786086390708729,0.0384339432135718,265.888604636221,0.710412797015741,0.861759984401717,"295","Ack_Ka_1"
296,"Ack_Ka_1",0.787920565079268,0.0384661695949277,266.812930642874,0.71218471964476,0.863656410513776,"296","Ack_Ka_1"
297,"Ack_Ka_1",0.789754739449808,0.0384990800229798,267.749971787973,0.71395530550613,0.865554173393486,"297","Ack_Ka_1"
298,"Ack_Ka_1",0.791588913820347,0.0385326727450126,268.69972489259,0.715724557874759,0.867453269765935,"298","Ack_Ka_1"
299,"Ack_Ka_1",0.793423088190887,0.0385669459781438,269.662185717001,0.717492480084831,0.869353696296943,"299","Ack_Ka_1"
300,"Ack_Ka_1",0.795257262561426,0.0386018979097694,270.63734894608,0.719259075528992,0.871255449593861,"300","Ack_Ka_1"
301,"Ack_Ka_1",0.797091436931966,0.0386375266980153,271.625208174811,0.721024347657538,0.873158526206393,"301","Ack_Ka_1"
302,"Ack_Ka_1",0.798925611302505,0.0386738304721915,272.625755893999,0.722788299977595,0.875062922627416,"302","Ack_Ka_1"
303,"Ack_Ka_1",0.800759785673045,0.038710807333252,273.638983476184,0.724550936052276,0.876968635293814,"303","Ack_Ka_1"
304,"Ack_Ka_1",0.802593960043584,0.0387484553542575,274.66488116168,0.726312259499847,0.878875660587321,"304","Ack_Ka_1"
305,"Ack_Ka_1",0.804428134414124,0.0387867725808425,275.7034380449,0.728072273992872,0.880783994835376,"305","Ack_Ka_1"
306,"Ack_Ka_1",0.806262308784663,0.0388257570316857,276.75464206085,0.72983098325735,0.882693634311976,"306","Ack_Ka_1"
307,"Ack_Ka_1",0.808096483155203,0.038865406698983,277.818479971894,0.731588391071857,0.884604575238548,"307","Ack_Ka_1"
308,"Ack_Ka_1",0.809930657525742,0.0389057195489251,278.894937354721,0.733344501266666,0.886516813784819,"308","Ack_Ka_1"
309,"Ack_Ka_1",0.811764831896282,0.0389466935221752,279.983998587605,0.735099317722866,0.888430346069698,"309","Ack_Ka_1"
310,"Ack_Ka_1",0.813599006266821,0.038988326534352,281.085646837945,0.736852844371479,0.890345168162164,"310","Ack_Ka_1"
311,"Ack_Ka_1",0.815433180637361,0.0390306164765131,282.199864050026,0.738605085192565,0.892261276082156,"311","Ack_Ka_1"
312,"Ack_Ka_1",0.8172673550079,0.0390735612156408,283.326630933169,0.740356044214327,0.894178665801474,"312","Ack_Ka_1"
313,"Ack_Ka_1",0.81910152937844,0.0391171585951305,284.465926950107,0.742105725512202,0.896097333244677,"313","Ack_Ka_1"
314,"Ack_Ka_1",0.820935703748979,0.0391614064352793,285.617730305703,0.743854133207962,0.898017274289997,"314","Ack_Ka_1"
315,"Ack_Ka_1",0.822769878119519,0.039206302533777,286.782017936053,0.745601271468795,0.899938484770242,"315","Ack_Ka_1"
316,"Ack_Ka_1",0.824604052490058,0.0392518446661982,287.958765497853,0.747347144506397,0.901860960473719,"316","Ack_Ka_1"
317,"Ack_Ka_1",0.826438226860598,0.0392980305864943,289.147947358149,0.749091756576047,0.903784697145149,"317","Ack_Ka_1"
318,"Ack_Ka_1",0.828272401231137,0.0393448580274869,290.349536584507,0.750835111975691,0.905709690486583,"318","Ack_Ka_1"
319,"Ack_Ka_1",0.830106575601677,0.0393923247013622,291.563504935475,0.752577215045017,0.907635936158337,"319","Ack_Ka_1"
320,"Ack_Ka_1",0.831940749972216,0.039440428300164,292.789822851489,0.754318070164527,0.909563429779905,"320","Ack_Ka_1"
321,"Ack_Ka_1",0.833774924342756,0.0394891664962884,294.028459446181,0.756057681754617,0.911492166930894,"321","Ack_Ka_1"
322,"Ack_Ka_1",0.835609098713295,0.0395385369429773,295.279382498052,0.75779605427464,0.91342214315195,"322","Ack_Ka_1"
323,"Ack_Ka_1",0.837443273083834,0.0395885372748116,296.542558442623,0.759533192221984,0.915353353945685,"323","Ack_Ka_1"
324,"Ack_Ka_1",0.839277447454374,0.0396391651082045,297.817952364968,0.761269100131139,0.917285794777609,"324","Ack_Ka_1"
325,"Ack_Ka_1",0.841111621824914,0.0396904180418931,299.10552799274,0.763003782572771,0.919219461077056,"325","Ack_Ka_1"
326,"Ack_Ka_1",0.842945796195453,0.0397422936574294,300.405247689588,0.764737244152788,0.921154348238118,"326","Ack_Ka_1"
327,"Ack_Ka_1",0.844779970565993,0.0397947895196701,301.717072449093,0.766469489511418,0.923090451620567,"327","Ack_Ka_1"
328,"Ack_Ka_1",0.846614144936532,0.0398479031772655,303.040961889122,0.768200523322278,0.925027766550786,"328","Ack_Ka_1"
329,"Ack_Ka_1",0.848448319307072,0.0399016321631457,304.376874246699,0.76993035029145,0.926966288322693,"329","Ack_Ka_1"
330,"Ack_Ka_1",0.850282493677611,0.0399559739950063,305.72476637333,0.771658975156557,0.928906012198665,"330","Ack_Ka_1"
331,"Ack_Ka_1",0.852116668048151,0.0400109261757916,307.084593730871,0.773386402685842,0.930846933410459,"331","Ack_Ka_1"
332,"Ack_Ka_1",0.85395084241869,0.0400664861941753,308.456310387838,0.775112637677249,0.932789047160132,"332","Ack_Ka_1"
333,"Ack_Ka_1",0.85578501678923,0.0401226515250404,309.839869016247,0.776837684957506,0.934732348620953,"333","Ack_Ka_1"
334,"Ack_Ka_1",0.857619191159769,0.0401794196299548,311.235220889035,0.778561549381217,0.936676832938321,"334","Ack_Ka_1"
335,"Ack_Ka_1",0.859453365530308,0.0402367879576457,312.642315877885,0.780284235829946,0.938622495230671,"335","Ack_Ka_1"
336,"Ack_Ka_1",0.861287539900848,0.040294753944471,314.061102451669,0.782005749211317,0.940569330590379,"336","Ack_Ka_1"
337,"Ack_Ka_1",0.863121714271388,0.0403533150148878,315.491527675424,0.78372609445811,0.942517334084665,"337","Ack_Ka_1"
338,"Ack_Ka_1",0.864955888641927,0.0404124685819175,316.933537209818,0.785445276527367,0.944466500756487,"338","Ack_Ka_1"
339,"Ack_Ka_1",0.866790063012466,0.0404722120476079,318.387075311208,0.787163300399498,0.946416825625435,"339","Ack_Ka_1"
340,"Ack_Ka_1",0.868624237383006,0.040532542803493,319.852084832229,0.788880171077394,0.948368303688618,"340","Ack_Ka_1"
341,"Ack_Ka_1",0.870458411753546,0.0405934582310478,321.328507222946,0.79059589358555,0.950320929921541,"341","Ack_Ka_1"
342,"Ack_Ka_1",0.872292586124085,0.0406549557021409,322.816282532551,0.792310472969181,0.952274699278989,"342","Ack_Ka_1"
343,"Ack_Ka_1",0.874126760494625,0.0407170325794824,324.315349411661,0.794023914293361,0.954229606695888,"343","Ack_Ka_1"
344,"Ack_Ka_1",0.875960934865164,0.040779686217069,325.825645115122,0.795736222642154,0.956185647088174,"344","Ack_Ka_1"
345,"Ack_Ka_1",0.877795109235703,0.0408429139606244,327.347105505438,0.797447403117756,0.958142815353651,"345","Ack_Ka_1"
346,"Ack_Ka_1",0.879629283606243,0.0409067131480361,328.87966505673,0.799157460839648,0.960101106372838,"346","Ack_Ka_1"
347,"Ack_Ka_1",0.881463457976782,0.040971081109788,330.423256859316,0.800866400943749,0.962060515009816,"347","Ack_Ka_1"
348,"Ack_Ka_1",0.883297632347322,0.0410360151693891,331.977812624777,0.80257422858158,0.964021036113064,"348","Ack_Ka_1"
349,"Ack_Ka_1",0.885131806717862,0.0411015126437972,333.543262691723,0.804280948919434,0.96598266451629,"349","Ack_Ka_1"
350,"Ack_Ka_1",0.886965981088401,0.0411675708438387,335.119536031989,0.805986567137553,0.967945395039248,"350","Ack_Ka_1"
351,"Ack_Ka_1",0.88880015545894,0.0412341870746245,336.706560257543,0.807691088429319,0.969909222488562,"351","Ack_Ka_1"
352,"Ack_Ka_1",0.89063432982948,0.0413013586359596,338.304261627866,0.809394518000437,0.971874141658523,"352","Ack_Ka_1"
353,"Ack_Ka_1",0.892468504200019,0.0413690828227502,339.912565057966,0.811096861068147,0.973840147331892,"353","Ack_Ka_1"
354,"Ack_Ka_1",0.894302678570559,0.0414373569254044,341.531394126924,0.812798122860426,0.975807234280692,"354","Ack_Ka_1"
355,"Ack_Ka_1",0.896136852941098,0.0415061782302288,343.160671087041,0.814498308615211,0.977775397266986,"355","Ack_Ka_1"
356,"Ack_Ka_1",0.897971027311638,0.041575544019821,344.800316873514,0.816197423579623,0.979744631043653,"356","Ack_Ka_1"
357,"Ack_Ka_1",0.899805201682177,0.0416454515734553,346.450251114741,0.817895473009202,0.981714930355152,"357","Ack_Ka_1"
358,"Ack_Ka_1",0.901639376052717,0.0417158981674652,348.110392143089,0.819592462167154,0.98368628993828,"358","Ack_Ka_1"
359,"Ack_Ka_1",0.903473550423256,0.0417868810756201,349.780657006338,0.8212883963236,0.985658704522913,"359","Ack_Ka_1"
360,"Ack_Ka_1",0.905307724793796,0.0418583975694973,351.460961479556,0.822983280754842,0.98763216883275,"360","Ack_Ka_1"
361,"Ack_Ka_1",0.907141899164335,0.0419304449188481,353.151220077633,0.82467712074263,0.989606677586041,"361","Ack_Ka_1"
362,"Ack_Ka_1",0.908976073534875,0.0420030203919598,354.851346068236,0.826369921573448,0.991582225496302,"362","Ack_Ka_1"
363,"Ack_Ka_1",0.910810247905414,0.042076121256012,356.561251485484,0.8280616885378,0.993558807273029,"363","Ack_Ka_1"
364,"Ack_Ka_1",0.912644422275954,0.0421497447774268,358.280847143905,0.829752426929512,0.995536417622396,"364","Ack_Ka_1"
365,"Ack_Ka_1",0.914478596646493,0.0422238882222161,360.01004265318,0.83144214204504,0.997515051247947,"365","Ack_Ka_1"
366,"Ack_Ka_1",0.916312771017033,0.0422985488563209,361.748746433214,0.83313083918279,0.999494702851276,"366","Ack_Ka_1"
367,"Ack_Ka_1",0.918146945387572,0.0423737239459469,363.496865729752,0.834818523642444,1.0014753671327,"367","Ack_Ka_1"
368,"Ack_Ka_1",0.919981119758112,0.0424494107578945,365.254306630647,0.836505200724304,1.00345703879192,"368","Ack_Ka_1"
369,"Ack_Ka_1",0.921815294128651,0.0425256065598828,367.020974082381,0.838190875728636,1.00543971252867,"369","Ack_Ka_1"
370,"Ack_Ka_1",0.923649468499191,0.0426023086208698,368.796771907287,0.839875553955029,1.00742338304335,"370","Ack_Ka_1"
371,"Ack_Ka_1",0.92548364286973,0.042679514211365,370.581602821129,0.841559240701766,1.00940804503769,"371","Ack_Ka_1"
372,"Ack_Ka_1",0.92731781724027,0.0427572206037385,372.375368451161,0.843241941265198,1.01139369321534,"372","Ack_Ka_1"
373,"Ack_Ka_1",0.929151991610809,0.0428354250725237,374.177969354736,0.84492366093914,1.01338032228248,"373","Ack_Ka_1"
374,"Ack_Ka_1",0.930986165981349,0.0429141248947151,375.989305038226,0.846604405014261,1.01536792694844,"374","Ack_Ka_1"
375,"Ack_Ka_1",0.932820340351888,0.0429933173500604,377.809273976516,0.848284178777499,1.01735650192628,"375","Ack_Ka_1"
376,"Ack_Ka_1",0.934654514722428,0.0430729997213473,379.637773632792,0.849962987511479,1.01934604193338,"376","Ack_Ka_1"
377,"Ack_Ka_1",0.936488689092967,0.043153169294685,381.474700478904,0.851640836493941,1.02133654169199,"377","Ack_Ka_1"
378,"Ack_Ka_1",0.938322863463507,0.0432338233597802,383.319950016,0.853317730997179,1.02332799592984,"378","Ack_Ka_1"
379,"Ack_Ka_1",0.940157037834046,0.0433149592102082,385.173416795617,0.854993676287491,1.0253203993806,"379","Ack_Ka_1"
380,"Ack_Ka_1",0.941991212204586,0.0433965741436775,387.03499444115,0.856668677624643,1.02731374678453,"380","Ack_Ka_1"
381,"Ack_Ka_1",0.943825386575125,0.0434786654622907,388.904575669698,0.858342740261332,1.02930803288892,"381","Ack_Ka_1"
382,"Ack_Ka_1",0.945659560945665,0.0435612304727983,390.782052314272,0.860015869442669,1.03130325244866,"382","Ack_Ka_1"
383,"Ack_Ka_1",0.947493735316204,0.043644266486849,392.667315346262,0.861688070405671,1.03329940022674,"383","Ack_Ka_1"
384,"Ack_Ka_1",0.949327909686744,0.0437277708212335,394.560254898476,0.86335934837876,1.03529647099473,"384","Ack_Ka_1"
385,"Ack_Ka_1",0.951162084057283,0.0438117407981232,396.460760288177,0.865029708581274,1.03729445953329,"385","Ack_Ka_1"
386,"Ack_Ka_1",0.952996258427823,0.0438961737453041,398.368720040685,0.866699156222984,1.03929336063266,"386","Ack_Ka_1"
387,"Ack_Ka_1",0.954830432798362,0.0439810669964053,400.284021913146,0.86836769650363,1.04129316909309,"387","Ack_Ka_1"
388,"Ack_Ka_1",0.956664607168902,0.0440664178911225,402.206552918679,0.870035334612458,1.04329387972535,"388","Ack_Ka_1"
389,"Ack_Ka_1",0.958498781539441,0.044152223775436,404.136199350641,0.871702075727772,1.04529548735111,"389","Ack_Ka_1"
390,"Ack_Ka_1",0.960332955909981,0.0442384820018239,406.072846807316,0.873367925016492,1.04729798680347,"390","Ack_Ka_1"
391,"Ack_Ka_1",0.96216713028052,0.04432518992947,408.016380216713,0.875032887633727,1.04930137292731,"391","Ack_Ka_1"
392,"Ack_Ka_1",0.96400130465106,0.0444123449244673,409.966683861673,0.876696968722353,1.05130564057977,"392","Ack_Ka_1"
393,"Ack_Ka_1",0.965835479021599,0.044499944360016,411.923641405127,0.878360173412603,1.0533107846306,"393","Ack_Ka_1"
394,"Ack_Ka_1",0.967669653392139,0.044587985616616,413.887135915646,0.880022506821666,1.05531679996261,"394","Ack_Ka_1"
395,"Ack_Ka_1",0.969503827762678,0.0446764660822562,415.857049893032,0.881683974053297,1.05732368147206,"395","Ack_Ka_1"
396,"Ack_Ka_1",0.971338002133218,0.0447653831525967,417.83326529421,0.883344580197434,1.059331424069,"396","Ack_Ka_1"
397,"Ack_Ka_1",0.973172176503757,0.0448547342311485,419.815663559185,0.885004330329827,1.06134002267769,"397","Ack_Ka_1"
398,"Ack_Ka_1",0.975006350874297,0.0449445167294469,421.804125637203,0.886663229511672,1.06334947223692,"398","Ack_Ka_1"
399,"Ack_Ka_1",0.976840525244836,0.0450347280672203,423.798532013013,0.888321282789263,1.06535976770041,"399","Ack_Ka_1"
400,"Ack_Ka_1",0.978674699615376,0.045125365672555,425.798762733177,0.889978495193642,1.06737090403711,"400","Ack_Ka_1"
401,"Ack_Ka_1",0.980508873985915,0.045216426982055,427.804697432665,0.891634871740266,1.06938287623156,"401","Ack_Ka_1"
402,"Ack_Ka_1",0.982343048356455,0.0453079094409972,429.816215361218,0.893290417428683,1.07139567928423,"402","Ack_Ka_1"
403,"Ack_Ka_1",0.984177222726994,0.0453998105034819,431.833195410156,0.894945137242211,1.07340930821178,"403","Ack_Ka_1"
404,"Ack_Ka_1",0.986011397097534,0.0454921276325798,433.855516138876,0.896599036147631,1.07542375804744,"404","Ack_Ka_1"
405,"Ack_Ka_1",0.987845571468073,0.0455848583004725,435.88305580171,0.898252119094888,1.07743902384126,"405","Ack_Ka_1"
406,"Ack_Ka_1",0.989679745838613,0.0456779999885915,437.915692374503,0.8999043910168,1.07945510066043,"406","Ack_Ka_1"
407,"Ack_Ka_1",0.991513920209152,0.0457715501877505,439.953303581486,0.901555856828775,1.08147198358953,"407","Ack_Ka_1"
408,"Ack_Ka_1",0.993348094579692,0.0458655063982743,441.995766921962,0.903206521428536,1.08348966773085,"408","Ack_Ka_1"
409,"Ack_Ka_1",0.995182268950231,0.0459598661301239,444.042959696961,0.904856389695858,1.0855081482046,"409","Ack_Ka_1"
410,"Ack_Ka_1",0.997016443320771,0.0460546269030164,446.094759036036,0.90650546649231,1.08752742014923,"410","Ack_Ka_1"
411,"Ack_Ka_1",0.99885061769131,0.0461497862465425,448.151041923837,0.908153756661005,1.08954747872161,"411","Ack_Ka_1"
412,"Ack_Ka_1",1.00068479206185,0.0462453417002779,450.211685226684,0.909801265026359,1.09156831909734,"412","Ack_Ka_1"
413,"Ack_Ka_1",1.00251896643239,0.0463412908138924,452.276565719107,0.911447996393858,1.09358993647092,"413","Ack_Ka_1"
414,"Ack_Ka_1",1.00435314080293,0.046437631147254,454.34556011027,0.913093955549835,1.09561232605602,"414","Ack_Ka_1"
415,"Ack_Ka_1",1.00618731517347,0.0465343602705297,456.418545070252,0.914739147261252,1.09763548308568,"415","Ack_Ka_1"
416,"Ack_Ka_1",1.00802148954401,0.0466314757642827,458.495397256273,0.916383576275486,1.09965940281253,"416","Ack_Ka_1"
417,"Ack_Ka_1",1.00985566391455,0.0467289752195646,460.57599333875,0.918027247320134,1.10168408050896,"417","Ack_Ka_1"
418,"Ack_Ka_1",1.01168983828509,0.046826856238006,462.660210027353,0.919670165102812,1.10370951146736,"418","Ack_Ka_1"
419,"Ack_Ka_1",1.01352401265563,0.0469251164319009,464.747924096666,0.921312334310974,1.10573569100028,"419","Ack_Ka_1"
420,"Ack_Ka_1",1.01535818702617,0.0470237534242897,466.839012411871,0.922953759611726,1.10776261444061,"420","Ack_Ka_1"
421,"Ack_Ka_1",1.0171923613967,0.047122764849038,468.933351954199,0.924594445651655,1.10979027714175,"421","Ack_Ka_1"
422,"Ack_Ka_1",1.01902653576724,0.0472221483509111,471.030819846227,0.926234397056667,1.11181867447782,"422","Ack_Ka_1"
423,"Ack_Ka_1",1.02086071013778,0.0473219015856458,473.131293376924,0.927873618431821,1.11384780184375,"423","Ack_Ka_1"
424,"Ack_Ka_1",1.02269488450832,0.0474220222200195,475.23465002653,0.929512114361185,1.11587765465546,"424","Ack_Ka_1"
425,"Ack_Ka_1",1.02452905887886,0.0475225079319145,477.340767491204,0.931149889407683,1.11790822835004,"425","Ack_Ka_1"
426,"Ack_Ka_1",1.0263632332494,0.0476233564103803,479.4495237074,0.93278694811296,1.11993951838584,"426","Ack_Ka_1"
427,"Ack_Ka_1",1.02819740761994,0.0477245653556923,481.560796876118,0.934423294997252,1.12197152024263,"427","Ack_Ka_1"
428,"Ack_Ka_1",1.03003158199048,0.0478261324794065,483.674465486753,0.936058934559253,1.12400422942171,"428","Ack_Ka_1"
429,"Ack_Ka_1",1.03186575636102,0.0479280555044134,485.790408340838,0.937693871276002,1.12603764144604,"429","Ack_Ka_1"
430,"Ack_Ka_1",1.03369993073156,0.048030332164986,487.908504575325,0.939328109602767,1.12807175186035,"430","Ack_Ka_1"
431,"Ack_Ka_1",1.0355341051021,0.0481329602068275,490.028633685803,0.940961653972937,1.13010655623126,"431","Ack_Ka_1"
432,"Ack_Ka_1",1.03736827947264,0.0482359373871138,492.15067554932,0.942594508797921,1.13214205014736,"432","Ack_Ka_1"
433,"Ack_Ka_1",1.03920245384318,0.0483392614745351,494.274510446838,0.944226678467051,1.13417822921931,"433","Ack_Ka_1"
434,"Ack_Ka_1",1.04103662821372,0.0484429302493332,496.400019085512,0.945858167347496,1.13621508907994,"434","Ack_Ka_1"
435,"Ack_Ka_1",1.04287080258426,0.048546941503337,498.527082620612,0.947488979784172,1.13825262538434,"435","Ack_Ka_1"
436,"Ack_Ka_1",1.0447049769548,0.0486512930399951,500.65558267709,0.949119120099668,1.14029083380993,"436","Ack_Ka_1"
437,"Ack_Ka_1",1.04653915132534,0.0487559826744054,502.785401370799,0.950748592594171,1.1423297100565,"437","Ack_Ka_1"
438,"Ack_Ka_1",1.04837332569588,0.0488610082333421,504.916421329569,0.952377401545394,1.14436924984636,"438","Ack_Ka_1"
439,"Ack_Ka_1",1.05020750006642,0.0489663675552814,507.0485257136,0.954005551208522,1.14640944892431,"439","Ack_Ka_1"
440,"Ack_Ka_1",1.05204167443696,0.049072058490423,509.181598235849,0.955633045816144,1.14845030305777,"440","Ack_Ka_1"
441,"Ack_Ka_1",1.05387584880749,0.04917807890071,511.3155231818,0.957259889578208,1.15049180803678,"441","Ack_Ka_1"
442,"Ack_Ka_1",1.05571002317803,0.0492844266598466,513.4501854291,0.95888608668197,1.1525339596741,"442","Ack_Ka_1"
443,"Ack_Ka_1",1.05754419754857,0.0493910996533132,515.585470466614,0.960511641291949,1.1545767538052,"443","Ack_Ka_1"
444,"Ack_Ka_1",1.05937837191911,0.0494980957783794,517.721264413285,0.962136557549893,1.15662018628833,"444","Ack_Ka_1"
445,"Ack_Ka_1",1.06121254628965,0.0496054129441143,519.857454036462,0.963760839574742,1.15866425300456,"445","Ack_Ka_1"
446,"Ack_Ka_1",1.06304672066019,0.0497130490713954,521.993926770012,0.965384491462599,1.16070894985779,"446","Ack_Ka_1"
447,"Ack_Ka_1",1.06488089503073,0.0498210020929147,524.130570731919,0.967007517286707,1.16275427277476,"447","Ack_Ka_1"
448,"Ack_Ka_1",1.06671506940127,0.0499292699531831,526.267274741539,0.968629921097427,1.16480021770512,"448","Ack_Ka_1"
449,"Ack_Ka_1",1.06854924377181,0.0500378506085328,528.403928336452,0.97025170692222,1.1668467806214,"449","Ack_Ka_1"
450,"Ack_Ka_1",1.07038341814235,0.0501467420271171,530.540421788955,0.971872878765638,1.16889395751906,"450","Ack_Ka_1"
451,"Ack_Ka_1",1.07221759251289,0.0502559421889094,532.676646122109,0.973493440609314,1.17094174441647,"451","Ack_Ka_1"
452,"Ack_Ka_1",1.07405176688343,0.0503654490856992,534.812493125426,0.975113396411959,1.1729901373549,"452","Ack_Ka_1"
453,"Ack_Ka_1",1.07588594125397,0.0504752607210867,536.947855370068,0.97673275010936,1.17503913239858,"453","Ack_Ka_1"
454,"Ack_Ka_1",1.07772011562451,0.0505853751104764,539.082626223798,0.978351505614382,1.17708872563463,"454","Ack_Ka_1"
455,"Ack_Ka_1",1.07955428999505,0.0506957902810667,541.216699865357,0.979969666816979,1.17913891317312,"455","Ack_Ka_1"
456,"Ack_Ka_1",1.08138846436559,0.0508065042718407,543.349971298525,0.981587237584203,1.18118969114697,"456","Ack_Ka_1"
457,"Ack_Ka_1",1.08322263873613,0.0509175151335533,545.482336365745,0.983204221760215,1.18324105571204,"457","Ack_Ka_1"
458,"Ack_Ka_1",1.08505681310667,0.051028820928717,547.613691761318,0.984820623166308,1.18529300304702,"458","Ack_Ka_1"
459,"Ack_Ka_1",1.08689098747721,0.051140419731587,549.743935044293,0.986436445600922,1.18734552935349,"459","Ack_Ka_1"
460,"Ack_Ka_1",1.08872516184775,0.0512523096281436,551.872964650688,0.988051692839672,1.18939863085582,"460","Ack_Ka_1"
461,"Ack_Ka_1",1.09055933621828,0.0513644887160738,554.000679905679,0.989666368635373,1.1914523038012,"461","Ack_Ka_1"
462,"Ack_Ka_1",1.09239351058882,0.0514769551047518,556.126981034976,0.991280476718072,1.19350654445958,"462","Ack_Ka_1"
463,"Ack_Ka_1",1.09422768495936,0.0515897069152169,558.251769176095,0.99289402079508,1.19556134912365,"463","Ack_Ka_1"
464,"Ack_Ka_1",1.0960618593299,0.051702742280151,560.374946389068,0.994507004551008,1.1976167141088,"464","Ack_Ka_1"
465,"Ack_Ka_1",1.09789603370044,0.0518160593438542,562.496415666722,0.996119431647805,1.19967263575308,"465","Ack_Ka_1"
466,"Ack_Ka_1",1.09973020807098,0.0519296562622198,564.616080944671,0.997731305724805,1.20172911041716,"466","Ack_Ka_1"
467,"Ack_Ka_1",1.10156438244152,0.0520435312027073,566.733847110808,0.999342630398763,1.20378613448428,"467","Ack_Ka_1"
468,"Ack_Ka_1",1.10339855681206,0.0521576823443146,568.84962001439,1.00095340926391,1.20584370436021,"468","Ack_Ka_1"
469,"Ack_Ka_1",1.1052327311826,0.0522721078775484,570.963306474718,1.002563645892,1.20790181647321,"469","Ack_Ka_1"
470,"Ack_Ka_1",1.10706690555314,0.0523868060043946,573.074814289544,1.00417334383234,1.20996046727394,"470","Ack_Ka_1"
471,"Ack_Ka_1",1.10890107992368,0.0525017749382863,575.184052242771,1.00578250661191,1.21201965323545,"471","Ack_Ka_1"
472,"Ack_Ka_1",1.11073525429422,0.0526170129040716,577.290930112144,1.00739113773534,1.2140793708531,"472","Ack_Ka_1"
473,"Ack_Ka_1",1.11256942866476,0.0527325181379801,579.39535867625,1.008999240685,1.21613961664452,"473","Ack_Ka_1"
474,"Ack_Ka_1",1.1144036030353,0.0528482888875879,581.497249721248,1.01060681892108,1.21820038714951,"474","Ack_Ka_1"
475,"Ack_Ka_1",1.11623777740584,0.0529643234117823,583.596516047173,1.01221387588165,1.22026167893002,"475","Ack_Ka_1"
476,"Ack_Ka_1",1.11807195177638,0.0530806199807252,585.693071473927,1.01382041498269,1.22232348857006,"476","Ack_Ka_1"
477,"Ack_Ka_1",1.11990612614692,0.053197176875816,587.78683084669,1.01542643961819,1.22438581267564,"477","Ack_Ka_1"
478,"Ack_Ka_1",1.12174030051746,0.0533139923896524,589.877710041289,1.01703195316021,1.2264486478747,"478","Ack_Ka_1"
479,"Ack_Ka_1",1.123574474888,0.0534310648259919,591.965625968793,1.01863695895895,1.22851199081704,"479","Ack_Ka_1"
480,"Ack_Ka_1",1.12540864925854,0.0535483924997117,594.05049658007,1.02024146034283,1.23057583817424,"480","Ack_Ka_1"
481,"Ack_Ka_1",1.12724282362907,0.0536659737367671,596.13224086978,1.02184546061855,1.2326401866396,"481","Ack_Ka_1"
482,"Ack_Ka_1",1.12907699799961,0.053783806874151,598.210778880066,1.02344896307118,1.23470503292805,"482","Ack_Ka_1"
483,"Ack_Ka_1",1.13091117237015,0.0539018902598503,600.286031703881,1.02505197096424,1.23677037377607,"483","Ack_Ka_1"
484,"Ack_Ka_1",1.13274534674069,0.0540202222528036,602.35792148795,1.02665448753975,1.23883620594164,"484","Ack_Ka_1"
485,"Ack_Ka_1",1.13457952111123,0.0541388012228571,604.426371435463,1.02825651601835,1.24090252620411,"485","Ack_Ka_1"
486,"Ack_Ka_1",1.13641369548177,0.05425762555072,606.491305808284,1.02985805959937,1.24296933136417,"486","Ack_Ka_1"
487,"Ack_Ka_1",1.13824786985231,0.0543766936279197,608.552649928861,1.0314591214609,1.24503661824372,"487","Ack_Ka_1"
488,"Ack_Ka_1",1.14008204422285,0.0544960038567556,610.610330181817,1.03305970475989,1.24710438368581,"488","Ack_Ka_1"
489,"Ack_Ka_1",1.14191621859339,0.054615554650253,612.664274015335,1.03465981263222,1.24917262455456,"489","Ack_Ka_1"
490,"Ack_Ka_1",1.14375039296393,0.0547353444321163,614.71440994205,1.03625944819282,1.25124133773504,"490","Ack_Ka_1"
491,"Ack_Ka_1",1.14558456733447,0.0548553716366814,616.760667539469,1.03785861453572,1.25331052013322,"491","Ack_Ka_1"
492,"Ack_Ka_1",1.14741874170501,0.0549756347088674,618.802977450611,1.03945731473417,1.25538016867585,"492","Ack_Ka_1"
493,"Ack_Ka_1",1.14925291607555,0.0550961321041288,620.841271383758,1.0410555518407,1.25745028031039,"493","Ack_Ka_1"
494,"Ack_Ka_1",1.15108709044609,0.0552168622884058,622.875482112171,1.04265332888726,1.25952085200491,"494","Ack_Ka_1"
495,"Ack_Ka_1",1.15292126481663,0.0553378237380756,624.905543473526,1.04425064888527,1.26159188074799,"495","Ack_Ka_1"
496,"Ack_Ka_1",1.15475543918717,0.0554590149399018,626.931390369017,1.04584751482572,1.26366336354862,"496","Ack_Ka_1"
497,"Ack_Ka_1",1.15658961355771,0.0555804343909847,628.952958762075,1.04744392967928,1.26573529743613,"497","Ack_Ka_1"
498,"Ack_Ka_1",1.15842378792825,0.0557020805987105,630.970185677025,1.04903989639641,1.26780767946008,"498","Ack_Ka_1"
499,"Ack_Ka_1",1.16025796229879,0.0558239520807002,632.983009197139,1.05063541790742,1.26988050669015,"499","Ack_Ka_1"
500,"Ack_Ka_1",1.16209213666932,0.0559460473647582,634.991368462747,1.05223049712258,1.27195377621607,"500","Ack_Ka_1"
0,"Ack_Ka_2",0.195747359672489,0.0510497633973529,816.732372969132,0.0955431672062068,0.29595155213877,"0","Ack_Ka_2"
1,"Ack_Ka_2",0.197830484079561,0.050929641350758,814.660093232899,0.0978616985188488,0.297799269640273,"1","Ack_Ka_2"
2,"Ack_Ka_2",0.199913608486633,0.0508096533889521,812.581013815618,0.100179965250297,0.29964725172297,"2","Ack_Ka_2"
3,"Ack_Ka_2",0.201996732893706,0.0506898004641125,810.495157923638,0.10249796552132,0.301495500266091,"3","Ack_Ka_2"
4,"Ack_Ka_2",0.204079857300778,0.0505700835363668,808.402549689462,0.104815697437032,0.303344017164524,"4","Ack_Ka_2"
5,"Ack_Ka_2",0.206162981707851,0.050450503573861,806.303214182937,0.107133159086757,0.305192804328945,"5","Ack_Ka_2"
6,"Ack_Ka_2",0.208246106114923,0.0503310615528293,804.197177422041,0.109450348543893,0.307041863685954,"6","Ack_Ka_2"
7,"Ack_Ka_2",0.210329230521996,0.0502117584576631,802.08446638412,0.111767263865779,0.308891197178212,"7","Ack_Ka_2"
8,"Ack_Ka_2",0.212412354929068,0.0500925952809813,799.965109016786,0.114083903093557,0.310740806764579,"8","Ack_Ka_2"
9,"Ack_Ka_2",0.21449547933614,0.0499735730237008,797.839134248832,0.116400264252034,0.312590694420247,"9","Ack_Ka_2"
10,"Ack_Ka_2",0.216578603743213,0.0498546926951075,795.706572001113,0.118716345349545,0.314440862136881,"10","Ack_Ka_2"
11,"Ack_Ka_2",0.218661728150285,0.0497359553129277,793.567453197542,0.12103214437781,0.31629131192276,"11","Ack_Ka_2"
12,"Ack_Ka_2",0.220744852557358,0.0496173619033997,791.421809775816,0.123347659311801,0.318142045802914,"12","Ack_Ka_2"
13,"Ack_Ka_2",0.22282797696443,0.049498913501347,789.269674698222,0.125662888109592,0.319993065819268,"13","Ack_Ka_2"
14,"Ack_Ka_2",0.224911101371502,0.04938061115025,787.111081962317,0.127977828712225,0.32184437403078,"14","Ack_Ka_2"
15,"Ack_Ka_2",0.226994225778575,0.0492624559023202,784.946066611456,0.130292479043563,0.323695972513587,"15","Ack_Ka_2"
16,"Ack_Ka_2",0.229077350185647,0.0491444488185733,782.774664745785,0.132606837010146,0.325547863361148,"16","Ack_Ka_2"
17,"Ack_Ka_2",0.23116047459272,0.0490265909689035,780.596913532096,0.134920900501052,0.327400048684388,"17","Ack_Ka_2"
18,"Ack_Ka_2",0.233243598999792,0.0489088834321584,778.412851214898,0.137234667387745,0.32925253061184,"18","Ack_Ka_2"
19,"Ack_Ka_2",0.235326723406865,0.0487913272962134,776.22251712631,0.139548135523933,0.331105311289796,"19","Ack_Ka_2"
20,"Ack_Ka_2",0.237409847813937,0.0486739236580478,774.025951696454,0.141861302745422,0.332958392882452,"20","Ack_Ka_2"
21,"Ack_Ka_2",0.239492972221009,0.0485566736238201,771.823196463635,0.144174166869966,0.334811777572053,"21","Ack_Ka_2"
22,"Ack_Ka_2",0.241576096628082,0.0484395783089447,769.6142940844,0.14648672569712,0.336665467559044,"22","Ack_Ka_2"
23,"Ack_Ka_2",0.243659221035154,0.0483226388381685,767.39928834329,0.148798977008091,0.338519465062218,"23","Ack_Ka_2"
24,"Ack_Ka_2",0.245742345442227,0.0482058563456478,765.17822416294,0.151110918565587,0.340373772318866,"24","Ack_Ka_2"
25,"Ack_Ka_2",0.247825469849299,0.0480892319750261,762.951147613472,0.15342254811367,0.342228391584928,"25","Ack_Ka_2"
26,"Ack_Ka_2",0.249908594256372,0.0479727668795119,760.718105922435,0.155733863377601,0.344083325135142,"26","Ack_Ka_2"
27,"Ack_Ka_2",0.251991718663444,0.0478564622219569,758.479147483825,0.15804486206369,0.345938575263198,"27","Ack_Ka_2"
28,"Ack_Ka_2",0.254074843070516,0.047740319174935,756.234321867665,0.160355541859142,0.347794144281891,"28","Ack_Ka_2"
29,"Ack_Ka_2",0.256157967477589,0.047624338920821,753.983679829082,0.162665900431906,0.349650034523271,"29","Ack_Ka_2"
30,"Ack_Ka_2",0.258241091884661,0.0475085226518702,751.727273317335,0.16497593543052,0.351506248338802,"30","Ack_Ka_2"
31,"Ack_Ka_2",0.260324216291734,0.0473928715702982,749.46515548449,0.167285644483955,0.353362788099512,"31","Ack_Ka_2"
32,"Ack_Ka_2",0.262407340698806,0.0472773868883611,747.197380694278,0.169595025201462,0.35521965619615,"32","Ack_Ka_2"
33,"Ack_Ka_2",0.264490465105878,0.0471620698284358,744.924004530458,0.171904075172416,0.357076855039341,"33","Ack_Ka_2"
34,"Ack_Ka_2",0.266573589512951,0.0470469216231011,742.645083805251,0.174212791966158,0.358934387059743,"34","Ack_Ka_2"
35,"Ack_Ka_2",0.268656713920023,0.0469319435152184,740.360676567303,0.176521173131841,0.360792254708206,"35","Ack_Ka_2"
36,"Ack_Ka_2",0.270739838327096,0.0468171367580138,738.070842109732,0.178829216198268,0.362650460455924,"36","Ack_Ka_2"
37,"Ack_Ka_2",0.272822962734168,0.0467025026151593,735.775640977851,0.181136918673739,0.364509006794598,"37","Ack_Ka_2"
38,"Ack_Ka_2",0.274906087141241,0.0465880423608552,733.475134976531,0.18344427804589,0.366367896236591,"38","Ack_Ka_2"
39,"Ack_Ka_2",0.276989211548313,0.0464737572799122,731.169387177698,0.185751291781534,0.368227131315092,"39","Ack_Ka_2"
40,"Ack_Ka_2",0.279072335955385,0.0463596486678342,728.858461927251,0.188057957326504,0.370086714584267,"40","Ack_Ka_2"
41,"Ack_Ka_2",0.281155460362458,0.0462457178309012,726.542424852027,0.190364272105489,0.371946648619427,"41","Ack_Ka_2"
42,"Ack_Ka_2",0.28323858476953,0.0461319660862523,724.221342866248,0.192670233521877,0.373806936017183,"42","Ack_Ka_2"
43,"Ack_Ka_2",0.285321709176603,0.0460183947619688,721.895284178094,0.194975838957596,0.375667579395609,"43","Ack_Ka_2"
44,"Ack_Ka_2",0.287404833583675,0.0459050051971585,719.56431829549,0.197281085772948,0.377528581394402,"44","Ack_Ka_2"
45,"Ack_Ka_2",0.289487957990748,0.0457917987420388,717.228516032256,0.199585971306452,0.379389944675043,"45","Ack_Ka_2"
46,"Ack_Ka_2",0.29157108239782,0.0456787767580207,714.887949513474,0.201890492874683,0.381251671920957,"46","Ack_Ka_2"
47,"Ack_Ka_2",0.293654206804892,0.0455659406177935,712.542692180874,0.204194647772105,0.38311376583768,"47","Ack_Ka_2"
48,"Ack_Ka_2",0.295737331211965,0.0454532917054085,710.192818797771,0.206498433270917,0.384976229153012,"48","Ack_Ka_2"
49,"Ack_Ka_2",0.297820455619037,0.0453408314163636,707.838405453878,0.208801846620885,0.386839064617189,"49","Ack_Ka_2"
50,"Ack_Ka_2",0.29990358002611,0.0452285611576881,705.479529569592,0.211104885049182,0.388702275003037,"50","Ack_Ka_2"
51,"Ack_Ka_2",0.301986704433182,0.0451164823480271,703.116269900176,0.213407545760226,0.390565863106138,"51","Ack_Ka_2"
52,"Ack_Ka_2",0.304069828840254,0.0450045964177264,700.748706539605,0.215709825935516,0.392429831744993,"52","Ack_Ka_2"
53,"Ack_Ka_2",0.306152953247327,0.0448929048089172,698.376920923929,0.218011722733472,0.394294183761182,"53","Ack_Ka_2"
54,"Ack_Ka_2",0.308236077654399,0.0447814089756011,696.000995834362,0.220313233289271,0.396158922019527,"54","Ack_Ka_2"
55,"Ack_Ka_2",0.310319202061472,0.044670110383735,693.621015400352,0.222614354714687,0.398024049408256,"55","Ack_Ka_2"
56,"Ack_Ka_2",0.312402326468544,0.0445590105113161,691.23706510179,0.224915084097925,0.399889568839163,"56","Ack_Ka_2"
57,"Ack_Ka_2",0.314485450875617,0.0444481108484665,688.849231771182,0.227215418503463,0.40175548324777,"57","Ack_Ka_2"
58,"Ack_Ka_2",0.316568575282689,0.0443374128975184,686.457603595383,0.229515354971886,0.403621795593492,"58","Ack_Ka_2"
59,"Ack_Ka_2",0.318651699689761,0.0442269181730988,684.062270117025,0.23181489051973,0.405488508859793,"59","Ack_Ka_2"
60,"Ack_Ka_2",0.320734824096834,0.0441166282022141,681.663322235596,0.234114022139316,0.407355626054351,"60","Ack_Ka_2"
61,"Ack_Ka_2",0.322817948503906,0.0440065445243352,679.260852207748,0.236412746798591,0.409223150209221,"61","Ack_Ka_2"
62,"Ack_Ka_2",0.324901072910979,0.0438966686914814,676.854953647894,0.238711061440968,0.41109108438099,"62","Ack_Ka_2"
63,"Ack_Ka_2",0.326984197318051,0.043787002268305,674.445721527907,0.241008962985163,0.412959431650939,"63","Ack_Ka_2"
64,"Ack_Ka_2",0.329067321725124,0.0436775468321755,672.033252176514,0.243306448325041,0.414828195125206,"64","Ack_Ka_2"
65,"Ack_Ka_2",0.331150446132196,0.0435683039732638,669.617643278353,0.245603514329451,0.416697377934941,"65","Ack_Ka_2"
66,"Ack_Ka_2",0.333233570539268,0.0434592752946251,667.198993872555,0.247900157842072,0.418566983236464,"66","Ack_Ka_2"
67,"Ack_Ka_2",0.335316694946341,0.0433504624122834,664.777404351109,0.250196375681254,0.420437014211428,"67","Ack_Ka_2"
68,"Ack_Ka_2",0.337399819353413,0.0432418669553137,662.352976456332,0.252492164639858,0.422307474066968,"68","Ack_Ka_2"
69,"Ack_Ka_2",0.339482943760486,0.0431334905659256,659.925813278394,0.254787521485107,0.424178366035865,"69","Ack_Ka_2"
70,"Ack_Ka_2",0.341566068167558,0.0430253348995451,657.496019252247,0.257082442958422,0.426049693376694,"70","Ack_Ka_2"
71,"Ack_Ka_2",0.343649192574631,0.042917401624897,655.063700153841,0.259376925775276,0.427921459373985,"71","Ack_Ka_2"
72,"Ack_Ka_2",0.345732316981703,0.0428096924240865,652.62896309627,0.261670966625034,0.429793667338372,"72","Ack_Ka_2"
73,"Ack_Ka_2",0.347815441388775,0.0427022089926803,650.19191652527,0.263964562170805,0.431666320606746,"73","Ack_Ka_2"
74,"Ack_Ka_2",0.349898565795848,0.0425949530397873,647.752670214303,0.266257709049289,0.433539422542406,"74","Ack_Ka_2"
75,"Ack_Ka_2",0.35198169020292,0.0424879262881386,645.311335258974,0.26855040387063,0.435412976535211,"75","Ack_Ka_2"
76,"Ack_Ka_2",0.354064814609993,0.0423811304741674,642.868024071498,0.270842643218261,0.437286986001724,"76","Ack_Ka_2"
77,"Ack_Ka_2",0.356147939017065,0.0422745673480874,640.422850373864,0.273134423648765,0.439161454385365,"77","Ack_Ka_2"
78,"Ack_Ka_2",0.358231063424137,0.0421682386739716,637.975929191468,0.275425741691724,0.441036385156551,"78","Ack_Ka_2"
79,"Ack_Ka_2",0.36031418783121,0.0420621462298296,635.527376845288,0.277716593849575,0.442911781812845,"79","Ack_Ka_2"
80,"Ack_Ka_2",0.362397312238282,0.0419562918076846,633.077310944507,0.280006976597471,0.444787647879093,"80","Ack_Ka_2"
81,"Ack_Ka_2",0.364480436645355,0.0418506772136494,630.625850377845,0.282296886383138,0.446663986907571,"81","Ack_Ka_2"
82,"Ack_Ka_2",0.366563561052427,0.0417453042680018,628.173115304896,0.284586319626735,0.44854080247812,"82","Ack_Ka_2"
83,"Ack_Ka_2",0.3686466854595,0.0416401748052587,625.7192271467,0.286875272720717,0.450418098198282,"83","Ack_Ka_2"
84,"Ack_Ka_2",0.370729809866572,0.0415352906742499,623.264308575956,0.289163742029704,0.45229587770344,"84","Ack_Ka_2"
85,"Ack_Ka_2",0.372812934273644,0.0414306537381906,620.808483506699,0.291451723890343,0.454174144656946,"85","Ack_Ka_2"
86,"Ack_Ka_2",0.374896058680717,0.0413262658747526,618.351877083189,0.293739214611179,0.456052902750255,"86","Ack_Ka_2"
87,"Ack_Ka_2",0.376979183087789,0.041222128976135,615.894615668931,0.296026210472528,0.457932155703051,"87","Ack_Ka_2"
88,"Ack_Ka_2",0.379062307494862,0.0411182449491337,613.436826834317,0.298312707726349,0.459811907263375,"88","Ack_Ka_2"
89,"Ack_Ka_2",0.381145431901934,0.0410146157152093,610.978639344594,0.30059870259612,0.461692161207749,"89","Ack_Ka_2"
90,"Ack_Ka_2",0.383228556309006,0.040911243210554,608.520183146638,0.302884191276719,0.463572921341294,"90","Ack_Ka_2"
91,"Ack_Ka_2",0.385311680716079,0.0408081293861577,606.06158935559,0.305169169934305,0.465454191497853,"91","Ack_Ka_2"
92,"Ack_Ka_2",0.387394805123151,0.0407052762078721,603.602990240829,0.307453634706202,0.467335975540101,"92","Ack_Ka_2"
93,"Ack_Ka_2",0.389477929530224,0.0406026856564736,601.144519211505,0.309737581700784,0.469218277359663,"93","Ack_Ka_2"
94,"Ack_Ka_2",0.391561053937296,0.0405003597277251,598.686310801466,0.312021006997373,0.47110110087722,"94","Ack_Ka_2"
95,"Ack_Ka_2",0.393644178344369,0.0403983004324358,596.228500653586,0.314303906646122,0.472984450042615,"95","Ack_Ka_2"
96,"Ack_Ka_2",0.395727302751441,0.04029650979652,593.771225503949,0.316586276667923,0.474868328834959,"96","Ack_Ka_2"
97,"Ack_Ka_2",0.397810427158513,0.0401949898610535,591.31462316483,0.318868113054298,0.476752741262729,"97","Ack_Ka_2"
98,"Ack_Ka_2",0.399893551565586,0.0400937426823294,588.858832507931,0.321149411767308,0.478637691363863,"98","Ack_Ka_2"
99,"Ack_Ka_2",0.401976675972658,0.0399927703319108,586.403993446564,0.323430168739462,0.480523183205854,"99","Ack_Ka_2"
100,"Ack_Ka_2",0.404059800379731,0.0398920748966831,583.950246917391,0.325710379873623,0.482409220885838,"100","Ack_Ka_2"
101,"Ack_Ka_2",0.406142924786803,0.0397916584789031,581.497734861933,0.327990041042927,0.484295808530679,"101","Ack_Ka_2"
102,"Ack_Ka_2",0.408226049193876,0.0396915231962471,579.046600207263,0.330269148090702,0.48618295029705,"102","Ack_Ka_2"
103,"Ack_Ka_2",0.410309173600948,0.0395916711818567,576.596986846257,0.33254769683039,0.488070650371506,"103","Ack_Ka_2"
104,"Ack_Ka_2",0.41239229800802,0.0394921045843823,574.149039617491,0.334825683045479,0.489958912970562,"104","Ack_Ka_2"
105,"Ack_Ka_2",0.414475422415093,0.0393928255680243,571.702904284508,0.33710310248943,0.491847742340756,"105","Ack_Ka_2"
106,"Ack_Ka_2",0.416558546822165,0.0392938363125729,569.258727514489,0.339379950885618,0.493737142758713,"106","Ack_Ka_2"
107,"Ack_Ka_2",0.418641671229238,0.0391951390134445,566.816656856725,0.341656223927272,0.495627118531204,"107","Ack_Ka_2"
108,"Ack_Ka_2",0.42072479563631,0.0390967358817162,564.376840720326,0.343931917277422,0.497517673995198,"108","Ack_Ka_2"
109,"Ack_Ka_2",0.422807920043383,0.0389986291441584,561.939428351615,0.346207026568854,0.499408813517911,"109","Ack_Ka_2"
110,"Ack_Ka_2",0.424891044450455,0.0389008210432633,559.504569811001,0.348481547404062,0.501300541496848,"110","Ack_Ka_2"
111,"Ack_Ka_2",0.426974168857527,0.0388033138372727,557.072415949325,0.350755475355213,0.503192862359842,"111","Ack_Ka_2"
112,"Ack_Ka_2",0.4290572932646,0.0387061098002013,554.643118383883,0.353028805964117,0.505085780565082,"112","Ack_Ka_2"
113,"Ack_Ka_2",0.431140417671672,0.0386092112218584,552.21682947379,0.3553015347422,0.506979300601144,"113","Ack_Ka_2"
114,"Ack_Ka_2",0.433223542078745,0.0385126204078663,549.793702295204,0.357573657170481,0.508873426987008,"114","Ack_Ka_2"
115,"Ack_Ka_2",0.435306666485817,0.0384163396796753,547.373890615822,0.35984516869956,0.510768164272074,"115","Ack_Ka_2"
116,"Ack_Ka_2",0.437389790892889,0.0383203713745766,544.957548869115,0.362116064749613,0.512663517036166,"116","Ack_Ka_2"
117,"Ack_Ka_2",0.439472915299962,0.0382247178457112,542.544832128062,0.364386340710386,0.514559489889538,"117","Ack_Ka_2"
118,"Ack_Ka_2",0.441556039707034,0.0381293814620755,540.135896078646,0.3666559919412,0.516456087472868,"118","Ack_Ka_2"
119,"Ack_Ka_2",0.443639164114107,0.0380343646085245,537.730896992628,0.368925013770969,0.518353314457244,"119","Ack_Ka_2"
120,"Ack_Ka_2",0.445722288521179,0.0379396696857706,535.329991700327,0.371193401498213,0.520251175544145,"120","Ack_Ka_2"
121,"Ack_Ka_2",0.447805412928252,0.037845299110379,532.933337562773,0.373461150391085,0.522149675465419,"121","Ack_Ka_2"
122,"Ack_Ka_2",0.449888537335324,0.0377512553147602,530.541092443531,0.375728255687406,0.524048818983242,"122","Ack_Ka_2"
123,"Ack_Ka_2",0.451971661742396,0.0376575407471577,528.153414680243,0.377994712594706,0.525948610890087,"123","Ack_Ka_2"
124,"Ack_Ka_2",0.454054786149469,0.0375641578716328,525.770463055802,0.380260516290272,0.527849056008666,"124","Ack_Ka_2"
125,"Ack_Ka_2",0.456137910556541,0.037471109168045,523.392396769249,0.382525661921202,0.52975015919188,"125","Ack_Ka_2"
126,"Ack_Ka_2",0.458221034963614,0.0373783971320283,521.019375406207,0.384790144604476,0.531651925322752,"126","Ack_Ka_2"
127,"Ack_Ka_2",0.460304159370686,0.0372860242749636,518.651558909195,0.38705395942702,0.533554359314352,"127","Ack_Ka_2"
128,"Ack_Ka_2",0.462387283777759,0.0371939931239469,516.289107547598,0.389317101445797,0.53545746610972,"128","Ack_Ka_2"
129,"Ack_Ka_2",0.464470408184831,0.0371023062217528,513.932181887336,0.391579565687888,0.537361250681774,"129","Ack_Ka_2"
130,"Ack_Ka_2",0.466553532591903,0.0370109661267942,511.580942760284,0.393841347150598,0.539265718033208,"130","Ack_Ka_2"
131,"Ack_Ka_2",0.468636656998976,0.0369199754130766,509.23555123359,0.396102440801561,0.54117087319639,"131","Ack_Ka_2"
132,"Ack_Ka_2",0.470719781406048,0.0368293366701483,506.896168578475,0.398362841578857,0.54307672123324,"132","Ack_Ka_2"
133,"Ack_Ka_2",0.472802905813121,0.0367390525030458,504.562956239164,0.400622544391138,0.544983267235103,"133","Ack_Ka_2"
134,"Ack_Ka_2",0.474886030220193,0.0366491255322343,502.236075801437,0.402881544117768,0.546890516322618,"134","Ack_Ka_2"
135,"Ack_Ka_2",0.476969154627266,0.0365595583935427,499.91568896099,0.405139835608967,0.548798473645564,"135","Ack_Ka_2"
136,"Ack_Ka_2",0.479052279034338,0.0364703537380942,497.601957491759,0.407397413685966,0.55070714438271,"136","Ack_Ka_2"
137,"Ack_Ka_2",0.48113540344141,0.0363815142322316,495.295043214,0.409654273141177,0.552616533741644,"137","Ack_Ka_2"
138,"Ack_Ka_2",0.483218527848483,0.0362930425574365,492.995107962408,0.41191040873837,0.554526646958596,"138","Ack_Ka_2"
139,"Ack_Ka_2",0.485301652255555,0.0362049414102441,490.702313553793,0.414165815212858,0.556437489298252,"139","Ack_Ka_2"
140,"Ack_Ka_2",0.487384776662628,0.0361172135021515,488.416821755133,0.4164204872717,0.558349066053555,"140","Ack_Ka_2"
141,"Ack_Ka_2",0.4894679010697,0.0360298615595211,486.138794251196,0.418674419593909,0.560261382545491,"141","Ack_Ka_2"
142,"Ack_Ka_2",0.491551025476772,0.0359428883234779,483.868392612256,0.420927606830675,0.56217444412287,"142","Ack_Ka_2"
143,"Ack_Ka_2",0.493634149883845,0.0358562965498004,481.605778261797,0.423180043605596,0.564088256162094,"143","Ack_Ka_2"
144,"Ack_Ka_2",0.495717274290917,0.0357700890088064,479.351112444224,0.425431724514925,0.566002824066909,"144","Ack_Ka_2"
145,"Ack_Ka_2",0.49780039869799,0.0356842684852319,477.104556192409,0.427682644127829,0.567918153268151,"145","Ack_Ka_2"
146,"Ack_Ka_2",0.499883523105062,0.0355988377781042,474.866270295549,0.429932796986653,0.569834249223472,"146","Ack_Ka_2"
147,"Ack_Ka_2",0.501966647512135,0.0355137997006083,472.63641526685,0.432182177607206,0.571751117417063,"147","Ack_Ka_2"
148,"Ack_Ka_2",0.504049771919207,0.0354291570799468,470.415151311346,0.434430780479055,0.573668763359358,"148","Ack_Ka_2"
149,"Ack_Ka_2",0.506132896326279,0.0353449127571939,468.20263829382,0.436678600065832,0.575587192586727,"149","Ack_Ka_2"
150,"Ack_Ka_2",0.508216020733352,0.0352610695871414,465.99903570692,0.438925630805551,0.577506410661152,"150","Ack_Ka_2"
151,"Ack_Ka_2",0.510299145140424,0.0351776304381391,463.804502639149,0.441171867110948,0.5794264231699,"151","Ack_Ka_2"
152,"Ack_Ka_2",0.512382269547497,0.0350945981919273,461.619197743347,0.443417303369823,0.58134723572517,"152","Ack_Ka_2"
153,"Ack_Ka_2",0.514465393954569,0.0350119757434631,459.443279205044,0.445661933945403,0.583268853963735,"153","Ack_Ka_2"
154,"Ack_Ka_2",0.516548518361642,0.0349297660007385,457.276904711162,0.447905753176716,0.585191283546567,"154","Ack_Ka_2"
155,"Ack_Ka_2",0.518631642768714,0.0348479718845922,455.12023141886,0.45014875537898,0.587114530158448,"155","Ack_Ka_2"
156,"Ack_Ka_2",0.520714767175786,0.0347665963285132,452.973415924766,0.452390934844006,0.589038599507566,"156","Ack_Ka_2"
157,"Ack_Ka_2",0.522797891582859,0.0346856422784374,450.836614234125,0.454632285840618,0.5909634973251,"157","Ack_Ka_2"
158,"Ack_Ka_2",0.524881015989931,0.0346051126925364,448.709981730607,0.456872802615079,0.592889229364784,"158","Ack_Ka_2"
159,"Ack_Ka_2",0.526964140397004,0.0345250105409982,446.593673146101,0.459112479391544,0.594815801402463,"159","Ack_Ka_2"
160,"Ack_Ka_2",0.529047264804076,0.0344453388058009,444.487842531015,0.461351310372522,0.59674321923563,"160","Ack_Ka_2"
161,"Ack_Ka_2",0.531130389211149,0.0343661004804775,442.392643224748,0.463589289739347,0.59867148868295,"161","Ack_Ka_2"
162,"Ack_Ka_2",0.533213513618221,0.0342872985698729,440.308227826734,0.465826411652679,0.600600615583762,"162","Ack_Ka_2"
163,"Ack_Ka_2",0.535296638025293,0.0342089360898936,438.234748167515,0.468062670253007,0.602530605797579,"163","Ack_Ka_2"
164,"Ack_Ka_2",0.537379762432366,0.0341310160672477,436.172355280555,0.470298059661175,0.604461465203557,"164","Ack_Ka_2"
165,"Ack_Ka_2",0.539462886839438,0.0340535415391776,434.121199374222,0.472532573978919,0.606393199699957,"165","Ack_Ka_2"
166,"Ack_Ka_2",0.541546011246511,0.0339765155531839,432.081429804314,0.474766207289428,0.608325815203594,"166","Ack_Ka_2"
167,"Ack_Ka_2",0.543629135653583,0.0338999411667407,430.053195046942,0.476998953657911,0.610259317649255,"167","Ack_Ka_2"
168,"Ack_Ka_2",0.545712260060655,0.0338238214470023,428.036642671989,0.47923080713219,0.612193712989121,"168","Ack_Ka_2"
169,"Ack_Ka_2",0.547795384467728,0.0337481594705013,426.031919316899,0.481461761743301,0.614129007192154,"169","Ack_Ka_2"
170,"Ack_Ka_2",0.5498785088748,0.0336729583228376,424.039170661102,0.483691811506118,0.616065206243482,"170","Ack_Ka_2"
171,"Ack_Ka_2",0.551961633281873,0.0335982210983589,422.058541400827,0.48592095041999,0.618002316143755,"171","Ack_Ka_2"
172,"Ack_Ka_2",0.554044757688945,0.0335239508998319,420.090175224599,0.488149172469396,0.619940342908494,"172","Ack_Ka_2"
173,"Ack_Ka_2",0.556127882096017,0.0334501508381046,418.134214789068,0.490376471624619,0.621879292567416,"173","Ack_Ka_2"
174,"Ack_Ka_2",0.55821100650309,0.0333768240317595,416.19080169564,0.492602841842432,0.623819171163748,"174","Ack_Ka_2"
175,"Ack_Ka_2",0.560294130910162,0.0333039736067577,414.260076467482,0.494828277066806,0.625759984753518,"175","Ack_Ka_2"
176,"Ack_Ka_2",0.562377255317235,0.0332316026960732,412.342178527227,0.497052771229636,0.627701739404834,"176","Ack_Ka_2"
177,"Ack_Ka_2",0.564460379724307,0.0331597144393191,410.437246175277,0.499276318251474,0.62964444119714,"177","Ack_Ka_2"
178,"Ack_Ka_2",0.56654350413138,0.0330883119823632,408.545416568656,0.501498912042297,0.631588096220462,"178","Ack_Ka_2"
179,"Ack_Ka_2",0.568626628538452,0.0330173984769347,406.666825700623,0.503720546502275,0.633532710574629,"179","Ack_Ka_2"
180,"Ack_Ka_2",0.570709752945524,0.0329469770802217,404.801608380753,0.505941215522568,0.635478290368481,"180","Ack_Ka_2"
181,"Ack_Ka_2",0.572792877352597,0.0328770509544591,402.94989821587,0.508160912986133,0.637424841719061,"181","Ack_Ka_2"
182,"Ack_Ka_2",0.574876001759669,0.0328076232665066,401.111827591498,0.510379632768556,0.639372370750782,"182","Ack_Ka_2"
183,"Ack_Ka_2",0.576959126166742,0.0327386971874177,399.287527654064,0.512597368738897,0.641320883594587,"183","Ack_Ka_2"
184,"Ack_Ka_2",0.579042250573814,0.0326702758919988,397.477128293769,0.514814114760548,0.643270386387081,"184","Ack_Ka_2"
185,"Ack_Ka_2",0.581125374980887,0.0326023625583589,395.680758128182,0.51702986469212,0.645220885269653,"185","Ack_Ka_2"
186,"Ack_Ka_2",0.583208499387959,0.0325349603674498,393.89854448652,0.519244612388338,0.64717238638758,"186","Ack_Ka_2"
187,"Ack_Ka_2",0.585291623795031,0.0324680725025963,392.130613394614,0.521458351700958,0.649124895889105,"187","Ack_Ka_2"
188,"Ack_Ka_2",0.587374748202104,0.0324017021490176,390.377089560726,0.523671076479698,0.65107841992451,"188","Ack_Ka_2"
189,"Ack_Ka_2",0.589457872609176,0.0323358524933384,388.638096361895,0.525882780573188,0.653032964645164,"189","Ack_Ka_2"
190,"Ack_Ka_2",0.591540997016249,0.0322705267230905,386.913755831225,0.528093457829943,0.654988536202554,"190","Ack_Ka_2"
191,"Ack_Ka_2",0.593624121423321,0.0322057280262059,385.204188645812,0.53030310209934,0.656945140747302,"191","Ack_Ka_2"
192,"Ack_Ka_2",0.595707245830394,0.0321414595904987,383.50951411539,0.532511707232626,0.658902784428162,"192","Ack_Ka_2"
193,"Ack_Ka_2",0.597790370237466,0.0320777246031395,381.829850171819,0.534719267083932,0.660861473390999,"193","Ack_Ka_2"
194,"Ack_Ka_2",0.599873494644538,0.0320145262501188,380.165313359297,0.536925775511316,0.662821213777761,"194","Ack_Ka_2"
195,"Ack_Ka_2",0.601956619051611,0.0319518677157018,378.516018825265,0.539131226377806,0.664782011725415,"195","Ack_Ka_2"
196,"Ack_Ka_2",0.604039743458683,0.0318897521818741,376.882080312181,0.541335613552477,0.66674387336489,"196","Ack_Ka_2"
197,"Ack_Ka_2",0.606122867865756,0.031828182827778,375.263610149971,0.54353893091153,0.668706804819982,"197","Ack_Ka_2"
198,"Ack_Ka_2",0.608205992272828,0.0317671628291395,373.660719249296,0.545741172339398,0.670670812206258,"198","Ack_Ka_2"
199,"Ack_Ka_2",0.6102891166799,0.0317066953576865,372.073517095538,0.547942331729862,0.672635901629939,"199","Ack_Ka_2"
200,"Ack_Ka_2",0.612372241086973,0.0316467835805584,370.502111743578,0.550142402987184,0.674602079186762,"200","Ack_Ka_2"
201,"Ack_Ka_2",0.614455365494045,0.031587430659706,368.946609813305,0.552341380027252,0.676569350960839,"201","Ack_Ka_2"
202,"Ack_Ka_2",0.616538489901118,0.0315286397512841,367.407116485922,0.554539256778751,0.678537723023484,"202","Ack_Ka_2"
203,"Ack_Ka_2",0.61862161430819,0.0314704140050342,365.883735500967,0.556736027184336,0.680507201432044,"203","Ack_Ka_2"
204,"Ack_Ka_2",0.620704738715263,0.0314127565636594,364.376569154106,0.558931685201827,0.682477792228698,"204","Ack_Ka_2"
205,"Ack_Ka_2",0.622787863122335,0.0313556705621915,362.885718295575,0.561126224805417,0.684449501439254,"205","Ack_Ka_2"
206,"Ack_Ka_2",0.624870987529408,0.031299159127349,361.41128232957,0.563319639986891,0.686422335071924,"206","Ack_Ka_2"
207,"Ack_Ka_2",0.62695411193648,0.0312432253768882,359.953359214157,0.565511924756867,0.688396299116093,"207","Ack_Ka_2"
208,"Ack_Ka_2",0.629037236343552,0.0311878724189455,358.512045461925,0.567703073146038,0.690371399541066,"208","Ack_Ka_2"
209,"Ack_Ka_2",0.631120360750625,0.0311331033513734,357.087436141557,0.56989307920644,0.69234764229481,"209","Ack_Ka_2"
210,"Ack_Ka_2",0.633203485157697,0.0310789212610678,355.679624879826,0.572081937012717,0.694325033302677,"210","Ack_Ka_2"
211,"Ack_Ka_2",0.63528660956477,0.0310253292232892,354.288703864469,0.574269640663418,0.696303578466121,"211","Ack_Ka_2"
212,"Ack_Ka_2",0.637369733971842,0.0309723303009767,352.914763847699,0.576456184282286,0.698283283661398,"212","Ack_Ka_2"
213,"Ack_Ka_2",0.639452858378914,0.0309199275440546,351.557894150366,0.57864156201957,0.700264154738259,"213","Ack_Ka_2"
214,"Ack_Ka_2",0.641535982785987,0.0308681239887341,350.218182666787,0.580825768053346,0.702246197518628,"214","Ack_Ka_2"
215,"Ack_Ka_2",0.643619107193059,0.0308169226568068,348.895715870275,0.583008796590844,0.704229417795275,"215","Ack_Ka_2"
216,"Ack_Ka_2",0.645702231600132,0.030766326554934,347.590578819217,0.585190641869789,0.706213821330474,"216","Ack_Ka_2"
217,"Ack_Ka_2",0.647785356007204,0.0307163386739297,346.30285516381,0.587371298159751,0.708199413854657,"217","Ack_Ka_2"
218,"Ack_Ka_2",0.649868480414276,0.0306669619880375,345.032627153464,0.5895507597635,0.710186201065053,"218","Ack_Ka_2"
219,"Ack_Ka_2",0.651951604821349,0.0306181994542038,343.779975644679,0.591729021018371,0.712174188624327,"219","Ack_Ka_2"
220,"Ack_Ka_2",0.654034729228421,0.0305700540113451,342.544980109572,0.593906076297642,0.714163382159201,"220","Ack_Ka_2"
221,"Ack_Ka_2",0.656117853635494,0.0305225285796112,341.327718644948,0.596081920011907,0.716153787259081,"221","Ack_Ka_2"
222,"Ack_Ka_2",0.658200978042566,0.0304756260596446,340.128267981917,0.598256546610467,0.718145409474666,"222","Ack_Ka_2"
223,"Ack_Ka_2",0.660284102449639,0.0304293493318355,338.946703495974,0.600429950582721,0.720138254316556,"223","Ack_Ka_2"
224,"Ack_Ka_2",0.662367226856711,0.0303837012555736,337.783099217689,0.602602126459563,0.722132327253859,"224","Ack_Ka_2"
225,"Ack_Ka_2",0.664450351263783,0.0303386846684969,336.637527843771,0.604773068814782,0.724127633712785,"225","Ack_Ka_2"
226,"Ack_Ka_2",0.666533475670856,0.0302943023857377,335.510060748627,0.606942772266468,0.726124179075244,"226","Ack_Ka_2"
227,"Ack_Ka_2",0.668616600077928,0.0302505571991661,334.400767996477,0.609111231478422,0.728121968677435,"227","Ack_Ka_2"
228,"Ack_Ka_2",0.670699724485001,0.0302074518766315,333.309718353641,0.611278441161563,0.730121007808439,"228","Ack_Ka_2"
229,"Ack_Ka_2",0.672782848892073,0.0301649891612026,332.236979301523,0.613444396075343,0.732121301708804,"229","Ack_Ka_2"
230,"Ack_Ka_2",0.674865973299146,0.0301231717704065,331.182617049752,0.615609091029158,0.734122855569133,"230","Ack_Ka_2"
231,"Ack_Ka_2",0.676949097706218,0.0300820023954662,330.146696549769,0.617772520883763,0.736125674528673,"231","Ack_Ka_2"
232,"Ack_Ka_2",0.67903222211329,0.0300414837005388,329.129281508748,0.619934680552684,0.738129763673896,"232","Ack_Ka_2"
233,"Ack_Ka_2",0.681115346520363,0.0300016183219526,328.13043440378,0.622095565003628,0.740135128037098,"233","Ack_Ka_2"
234,"Ack_Ka_2",0.683198470927435,0.0299624088674456,327.150216496477,0.624255169259891,0.742141772594979,"234","Ack_Ka_2"
235,"Ack_Ka_2",0.685281595334508,0.0299238579154046,326.188687847644,0.62641348840177,0.744149702267246,"235","Ack_Ka_2"
236,"Ack_Ka_2",0.68736471974158,0.0298859680141056,325.245907332325,0.628570517567957,0.746158921915203,"236","Ack_Ka_2"
237,"Ack_Ka_2",0.689447844148652,0.0298487416809561,324.321932655074,0.630726251956943,0.748169436340362,"237","Ack_Ka_2"
238,"Ack_Ka_2",0.691530968555725,0.0298121814017395,323.416820365311,0.632880686828408,0.750181250283042,"238","Ack_Ka_2"
239,"Ack_Ka_2",0.693614092962797,0.0297762896298629,322.530625872988,0.635033817504607,0.752194368420988,"239","Ack_Ka_2"
240,"Ack_Ka_2",0.69569721736987,0.0297410687856072,321.663403464222,0.63718563937175,0.754208795367989,"240","Ack_Ka_2"
241,"Ack_Ka_2",0.697780341776942,0.0297065212553816,320.815206317254,0.639336147881373,0.756224535672512,"241","Ack_Ka_2"
242,"Ack_Ka_2",0.699863466184015,0.0296726493909819,319.986086518288,0.641485338551699,0.75824159381633,"242","Ack_Ka_2"
243,"Ack_Ka_2",0.701946590591087,0.0296394555088537,319.176095077571,0.643633206968995,0.76025997421318,"243","Ack_Ka_2"
244,"Ack_Ka_2",0.704029714998159,0.0296069418893606,318.385281945389,0.645779748788908,0.76227968120741,"244","Ack_Ka_2"
245,"Ack_Ka_2",0.706112839405232,0.0295751107760581,317.613696028159,0.647924959737806,0.764300719072658,"245","Ack_Ka_2"
246,"Ack_Ka_2",0.708195963812304,0.0295439643749739,316.861385204478,0.650068835614085,0.766323092010523,"246","Ack_Ka_2"
247,"Ack_Ka_2",0.710279088219377,0.029513504853894,316.128396341098,0.652211372289487,0.768346804149266,"247","Ack_Ka_2"
248,"Ack_Ka_2",0.712362212626449,0.0294837343416568,315.414775308941,0.654352565710384,0.770371859542515,"248","Ack_Ka_2"
249,"Ack_Ka_2",0.714445337033522,0.029454654927455,314.720566998927,0.656492411899058,0.772398262167985,"249","Ack_Ka_2"
250,"Ack_Ka_2",0.716528461440594,0.0294262686601442,314.045815337744,0.658630906954965,0.774426015926223,"250","Ack_Ka_2"
251,"Ack_Ka_2",0.718611585847666,0.0293985775475617,313.39056330342,0.660768047055979,0.776455124639353,"251","Ack_Ka_2"
252,"Ack_Ka_2",0.720694710254739,0.0293715835558536,312.754852940864,0.66290382845962,0.778485592049858,"252","Ack_Ka_2"
253,"Ack_Ka_2",0.722777834661811,0.0293452886088119,312.138725377042,0.665038247504262,0.78051742181936,"253","Ack_Ka_2"
254,"Ack_Ka_2",0.724860959068884,0.029319694587221,311.542220836113,0.66717130061033,0.782550617527437,"254","Ack_Ka_2"
255,"Ack_Ka_2",0.726944083475956,0.0292948033282159,310.965378654142,0.669302984281465,0.784585182670447,"255","Ack_Ka_2"
256,"Ack_Ka_2",0.729027207883029,0.0292706166246504,310.408237293785,0.671433295105677,0.78662112066038,"256","Ack_Ka_2"
257,"Ack_Ka_2",0.731110332290101,0.0292471362244776,309.870834358431,0.673562229756477,0.788658434823725,"257","Ack_Ka_2"
258,"Ack_Ka_2",0.733193456697173,0.0292243638301421,309.353206606268,0.675689784993978,0.790697128400368,"258","Ack_Ka_2"
259,"Ack_Ka_2",0.735276581104246,0.0292023010979849,308.85538996384,0.677815957665984,0.792737204542508,"259","Ack_Ka_2"
260,"Ack_Ka_2",0.737359705511318,0.0291809496376609,308.377419539374,0.679940744709044,0.794778666313592,"260","Ack_Ka_2"
261,"Ack_Ka_2",0.739442829918391,0.0291603110115703,307.919329635631,0.682064143149494,0.796821516687287,"261","Ack_Ka_2"
262,"Ack_Ka_2",0.741525954325463,0.029140386734304,307.481153762425,0.684186150104462,0.798865758546464,"262","Ack_Ka_2"
263,"Ack_Ka_2",0.743609078732535,0.0291211782721023,307.06292464871,0.686306762782852,0.800911394682219,"263","Ack_Ka_2"
264,"Ack_Ka_2",0.745692203139608,0.0291026870423302,306.664674254201,0.688425978486298,0.802958427792917,"264","Ack_Ka_2"
265,"Ack_Ka_2",0.74777532754668,0.0290849144129657,306.286433780537,0.690543794610101,0.805006860483259,"265","Ack_Ka_2"
266,"Ack_Ka_2",0.749858451953753,0.0290678617021057,305.928233681975,0.692660208644119,0.807056695263386,"266","Ack_Ka_2"
267,"Ack_Ka_2",0.751941576360825,0.0290515301774869,305.590103675594,0.694775218173645,0.809107934548005,"267","Ack_Ka_2"
268,"Ack_Ka_2",0.754024700767898,0.0290359210560229,305.272072750906,0.696888820880246,0.81116058065555,"268","Ack_Ka_2"
269,"Ack_Ka_2",0.75610782517497,0.0290210355033594,304.974169179053,0.699001014542572,0.813214635807368,"269","Ack_Ka_2"
270,"Ack_Ka_2",0.758190949582042,0.0290068746334445,304.696420521275,0.701111797037142,0.815270102126943,"270","Ack_Ka_2"
271,"Ack_Ka_2",0.760274073989115,0.0289934395081193,304.438853637004,0.703221166339086,0.817326981639144,"271","Ack_Ka_2"
272,"Ack_Ka_2",0.762357198396187,0.0289807311367235,304.201494691188,0.705329120522865,0.81938527626951,"272","Ack_Ka_2"
273,"Ack_Ka_2",0.76444032280326,0.0289687504757216,303.984369161114,0.707435657762951,0.821444987843569,"273","Ack_Ka_2"
274,"Ack_Ka_2",0.766523447210332,0.028957498428346,303.787501842552,0.709540776334479,0.823506118086185,"274","Ack_Ka_2"
275,"Ack_Ka_2",0.768606571617405,0.0289469758442602,303.610916855325,0.711644474613865,0.825568668620944,"275","Ack_Ka_2"
276,"Ack_Ka_2",0.770689696024477,0.0289371835192402,303.454637648137,0.713746751079383,0.827632640969571,"276","Ack_Ka_2"
277,"Ack_Ka_2",0.772772820431549,0.0289281221948758,303.31868700286,0.715847604311713,0.829698036551386,"277","Ack_Ka_2"
278,"Ack_Ka_2",0.774855944838622,0.0289197925582918,303.203087038028,0.717947032994456,0.831764856682788,"278","Ack_Ka_2"
279,"Ack_Ka_2",0.776939069245694,0.0289121952418883,303.107859211701,0.720045035914605,0.833833102576783,"279","Ack_Ka_2"
280,"Ack_Ka_2",0.779022193652767,0.0289053308231023,303.033024323647,0.722141611962988,0.835902775342546,"280","Ack_Ka_2"
281,"Ack_Ka_2",0.781105318059839,0.0288991998241887,302.978602516785,0.724236760134668,0.83797387598501,"281","Ack_Ka_2"
282,"Ack_Ka_2",0.783188442466911,0.0288938027120223,302.944613277933,0.726330479529315,0.840046405404508,"282","Ack_Ka_2"
283,"Ack_Ka_2",0.785271566873984,0.0288891398979206,302.93107543782,0.728422769351528,0.84212036439644,"283","Ack_Ka_2"
284,"Ack_Ka_2",0.787354691281056,0.0288852117374871,302.938007170401,0.730513628911133,0.84419575365098,"284","Ack_Ka_2"
285,"Ack_Ka_2",0.789437815688129,0.0288820185304764,302.965425991378,0.732603057623433,0.846272573752825,"285","Ack_Ka_2"
286,"Ack_Ka_2",0.791520940095201,0.0288795605206793,303.013348756049,0.734691055009428,0.848350825180975,"286","Ack_Ka_2"
287,"Ack_Ka_2",0.793604064502274,0.0288778378958303,303.081791656362,0.736777620695992,0.850430508308556,"287","Ack_Ka_2"
288,"Ack_Ka_2",0.795687188909346,0.0288768507875358,303.170770217226,0.738862754416012,0.85251162340268,"288","Ack_Ka_2"
289,"Ack_Ka_2",0.797770313316418,0.0288765992712238,303.28029929214,0.740946456008494,0.854594170624343,"289","Ack_Ka_2"
290,"Ack_Ka_2",0.799853437723491,0.0288770833661151,303.410393057986,0.743028725418622,0.85667815002836,"290","Ack_Ka_2"
291,"Ack_Ka_2",0.801936562130563,0.0288783030352158,303.561065009046,0.745109562697786,0.85876356156334,"291","Ack_Ka_2"
292,"Ack_Ka_2",0.804019686537636,0.0288802581853319,303.73232795041,0.74718896800357,0.860850405071701,"292","Ack_Ka_2"
293,"Ack_Ka_2",0.806102810944708,0.0288829486671043,303.924193990542,0.749266941599697,0.862938680289719,"293","Ack_Ka_2"
294,"Ack_Ka_2",0.808185935351781,0.0288863742750664,304.136674533035,0.751343483855942,0.865028386847619,"294","Ack_Ka_2"
295,"Ack_Ka_2",0.810269059758853,0.0288905347477219,304.36978026773,0.753418595248002,0.867119524269703,"295","Ack_Ka_2"
296,"Ack_Ka_2",0.812352184165925,0.0288954297676453,304.623521161119,0.755492276357331,0.869212091974519,"296","Ack_Ka_2"
297,"Ack_Ka_2",0.814435308572998,0.0289010589616019,304.897906445843,0.757564527870934,0.871306089275062,"297","Ack_Ka_2"
298,"Ack_Ka_2",0.81651843298007,0.0289074219006909,305.192944609662,0.759635350581123,0.873401515379017,"298","Ack_Ka_2"
299,"Ack_Ka_2",0.818601557387143,0.0289145181005075,305.508643383556,0.761704745385242,0.875498369389044,"299","Ack_Ka_2"
300,"Ack_Ka_2",0.820684681794215,0.0289223470213274,305.845009729233,0.763772713285342,0.877596650303088,"300","Ack_Ka_2"
301,"Ack_Ka_2",0.822767806201288,0.0289309080683113,306.202049825822,0.765839255387831,0.879696357014744,"301","Ack_Ka_2"
302,"Ack_Ka_2",0.82485093060836,0.0289402005917296,306.579769055948,0.767904372903081,0.881797488313639,"302","Ack_Ka_2"
303,"Ack_Ka_2",0.826934055015432,0.0289502238872084,306.97817199111,0.769968067144996,0.883900042885869,"303","Ack_Ka_2"
304,"Ack_Ka_2",0.829017179422505,0.0289609771959946,307.397262376372,0.772030339530551,0.886004019314458,"304","Ack_Ka_2"
305,"Ack_Ka_2",0.831100303829577,0.0289724597052413,307.837043114405,0.774091191579289,0.888109416079866,"305","Ack_Ka_2"
306,"Ack_Ka_2",0.83318342823665,0.0289846705483126,308.29751624891,0.776150624912782,0.890216231560518,"306","Ack_Ka_2"
307,"Ack_Ka_2",0.835266552643722,0.0289976088051081,308.778682947371,0.778208641254063,0.892324464033381,"307","Ack_Ka_2"
308,"Ack_Ka_2",0.837349677050794,0.0290112735024065,309.280543483223,0.780265242427017,0.894434111674572,"308","Ack_Ka_2"
309,"Ack_Ka_2",0.839432801457867,0.0290256636142269,309.803097217422,0.782320430355742,0.896545172559992,"309","Ack_Ka_2"
310,"Ack_Ka_2",0.841515925864939,0.0290407780622105,310.346342579431,0.784374207063871,0.898657644666007,"310","Ack_Ka_2"
311,"Ack_Ka_2",0.843599050272012,0.029056615716018,310.910277047662,0.78642657467387,0.900771525870154,"311","Ack_Ka_2"
312,"Ack_Ka_2",0.845682174679084,0.0290731753937477,311.494897129314,0.788477535406289,0.902886813951879,"312","Ack_Ka_2"
313,"Ack_Ka_2",0.847765299086156,0.0290904558623676,312.100198339807,0.790527091579,0.905003506593313,"313","Ack_Ka_2"
314,"Ack_Ka_2",0.849848423493229,0.0291084558381681,312.726175181597,0.792575245606386,0.907121601380072,"314","Ack_Ka_2"
315,"Ack_Ka_2",0.851931547900301,0.0291271739872286,313.372821122585,0.794621999998508,0.909241095802095,"315","Ack_Ka_2"
316,"Ack_Ka_2",0.854014672307374,0.0291466089259019,314.040128574043,0.796667357360242,0.911361987254506,"316","Ack_Ka_2"
317,"Ack_Ka_2",0.856097796714446,0.0291667592213145,314.728088868099,0.798711320390379,0.913484273038513,"317","Ack_Ka_2"
318,"Ack_Ka_2",0.858180921121519,0.0291876233918808,315.436692234863,0.800753891880712,0.915607950362325,"318","Ack_Ka_2"
319,"Ack_Ka_2",0.860264045528591,0.0292091999078355,316.165927779058,0.802795074715076,0.917733016342106,"319","Ack_Ka_2"
320,"Ack_Ka_2",0.862347169935664,0.0292314871917765,316.915783456452,0.80483487186837,0.919859468002957,"320","Ack_Ka_2"
321,"Ack_Ka_2",0.864430294342736,0.0292544836192262,317.686246049772,0.806873286405557,0.921987302279915,"321","Ack_Ka_2"
322,"Ack_Ka_2",0.866513418749808,0.0292781875192033,318.477301144485,0.808910321480628,0.924116516018989,"322","Ack_Ka_2"
323,"Ack_Ka_2",0.868596543156881,0.0293025971748098,319.288933104194,0.810945980335546,0.926247105978215,"323","Ack_Ka_2"
324,"Ack_Ka_2",0.870679667563953,0.02932771082383,320.121125045742,0.812980266299169,0.928379068828738,"324","Ack_Ka_2"
325,"Ack_Ka_2",0.872762791971026,0.0293535266593418,320.97385881425,0.815013182786139,0.930512401155912,"325","Ack_Ka_2"
326,"Ack_Ka_2",0.874845916378098,0.029380042830341,321.84711495779,0.817044733295762,0.932647099460434,"326","Ack_Ka_2"
327,"Ack_Ka_2",0.876929040785171,0.0294072574423751,322.740872701998,0.819074921410853,0.934783160159488,"327","Ack_Ka_2"
328,"Ack_Ka_2",0.879012165192243,0.0294351685581902,323.655109924507,0.821103750796571,0.936920579587915,"328","Ack_Ka_2"
329,"Ack_Ka_2",0.881095289599315,0.029463774198386,324.589803129254,0.823131225199224,0.939059353999406,"329","Ack_Ka_2"
330,"Ack_Ka_2",0.883178414006388,0.0294930723420836,325.544927420771,0.825157348445062,0.941199479567714,"330","Ack_Ka_2"
331,"Ack_Ka_2",0.88526153841346,0.0295230609275995,326.520456478365,0.827182124439047,0.943340952387874,"331","Ack_Ka_2"
332,"Ack_Ka_2",0.887344662820533,0.0295537378531313,327.516362530311,0.829205557163607,0.945483768477458,"332","Ack_Ka_2"
333,"Ack_Ka_2",0.889427787227605,0.0295851009774505,328.532616328071,0.831227650677375,0.947627923777835,"333","Ack_Ka_2"
334,"Ack_Ka_2",0.891510911634677,0.0296171481206033,329.569187120559,0.833248409113907,0.949773414155448,"334","Ack_Ka_2"
335,"Ack_Ka_2",0.89359403604175,0.0296498770646196,330.626042628413,0.835267836680388,0.951920235403112,"335","Ack_Ka_2"
336,"Ack_Ka_2",0.895677160448822,0.0296832855542277,331.703149018512,0.837285937656325,0.954068383241319,"336","Ack_Ka_2"
337,"Ack_Ka_2",0.897760284855895,0.0297173712975774,332.800470878523,0.839302716392227,0.956217853319563,"337","Ack_Ka_2"
338,"Ack_Ka_2",0.899843409262967,0.0297521319669668,333.91797119166,0.841318177308264,0.95836864121767,"338","Ack_Ka_2"
339,"Ack_Ka_2",0.901926533670039,0.0297875651995765,335.055611311672,0.843332324892929,0.96052074244715,"339","Ack_Ka_2"
340,"Ack_Ka_2",0.904009658077112,0.0298236685982076,336.21335093802,0.845345163701674,0.96267415245255,"340","Ack_Ka_2"
341,"Ack_Ka_2",0.906092782484184,0.0298604397320248,337.391148091398,0.847356698355549,0.96482886661282,"341","Ack_Ka_2"
342,"Ack_Ka_2",0.908175906891257,0.0298978761373034,338.588959089465,0.849366933539823,0.966984880242691,"342","Ack_Ka_2"
343,"Ack_Ka_2",0.910259031298329,0.0299359753181797,339.806738523014,0.8513758740026,0.969142188594058,"343","Ack_Ka_2"
344,"Ack_Ka_2",0.912342155705402,0.0299747347474047,341.044439232413,0.85338352455343,0.971300786857373,"344","Ack_Ka_2"
345,"Ack_Ka_2",0.914425280112474,0.0300141518671003,342.302012284527,0.855389890061909,0.973460670163039,"345","Ack_Ka_2"
346,"Ack_Ka_2",0.916508404519546,0.0300542240895174,343.579406950004,0.857394975456275,0.975621833582818,"346","Ack_Ka_2"
347,"Ack_Ka_2",0.918591528926619,0.0300949487977963,344.876570681099,0.859398785722002,0.977784272131236,"347","Ack_Ka_2"
348,"Ack_Ka_2",0.920674653333691,0.0301363233467274,346.193449089874,0.861401325900387,0.979947980766995,"348","Ack_Ka_2"
349,"Ack_Ka_2",0.922757777740764,0.030178345063514,347.52998592709,0.863402601087134,0.982112954394394,"349","Ack_Ka_2"
350,"Ack_Ka_2",0.924840902147836,0.0302210112485337,348.886123061498,0.865402616430934,0.984279187864739,"350","Ack_Ka_2"
351,"Ack_Ka_2",0.926924026554909,0.0302643191761019,350.261800459763,0.86740137713205,0.986446675977767,"351","Ack_Ka_2"
352,"Ack_Ka_2",0.929007150961981,0.0303082660952323,351.656956167073,0.869398888440894,0.988615413483068,"352","Ack_Ka_2"
353,"Ack_Ka_2",0.931090275369053,0.0303528492303991,353.071526288302,0.871395155656606,0.990785395081501,"353","Ack_Ka_2"
354,"Ack_Ka_2",0.933173399776126,0.0303980657822951,354.50544496986,0.873390184125637,0.992956615426614,"354","Ack_Ka_2"
355,"Ack_Ka_2",0.935256524183198,0.0304439129285909,355.958644382287,0.875383979240329,0.995129069126067,"355","Ack_Ka_2"
356,"Ack_Ka_2",0.937339648590271,0.0304903878246898,357.431054703556,0.877376546437498,0.997302750743044,"356","Ack_Ka_2"
357,"Ack_Ka_2",0.939422772997343,0.030537487604481,358.922604103086,0.879367891197023,0.999477654797663,"357","Ack_Ka_2"
358,"Ack_Ka_2",0.941505897404416,0.0305852093810908,360.433218726585,0.881358019040437,1.00165377576839,"358","Ack_Ka_2"
359,"Ack_Ka_2",0.943589021811488,0.0306335502476281,361.962822681726,0.883346935529519,1.00383110809346,"359","Ack_Ka_2"
360,"Ack_Ka_2",0.94567214621856,0.0306825072779303,363.511338024537,0.885334646264895,1.00600964617223,"360","Ack_Ka_2"
361,"Ack_Ka_2",0.947755270625633,0.0307320775273004,365.078684746767,0.887321156884648,1.00818938436662,"361","Ack_Ka_2"
362,"Ack_Ka_2",0.949838395032705,0.0307822580332444,366.664780764094,0.88930647306292,1.01037031700249,"362","Ack_Ka_2"
363,"Ack_Ka_2",0.951921519439778,0.0308330458162012,368.269541905211,0.89129060050854,1.01255243837102,"363","Ack_Ka_2"
364,"Ack_Ka_2",0.95400464384685,0.0308844378802685,369.892881901802,0.893273544963645,1.01473574273006,"364","Ack_Ka_2"
365,"Ack_Ka_2",0.956087768253923,0.030936431213924,371.534712379589,0.895255312202315,1.01692022430553,"365","Ack_Ka_2"
366,"Ack_Ka_2",0.958170892660995,0.03098902279074,373.194942850184,0.897235908029217,1.01910587729277,"366","Ack_Ka_2"
367,"Ack_Ka_2",0.960254017068067,0.0310422095700942,374.873480704022,0.899215338278255,1.02129269585788,"367","Ack_Ka_2"
368,"Ack_Ka_2",0.96233714147514,0.0310959884978715,376.57023120427,0.901193608811233,1.02348067413905,"368","Ack_Ka_2"
369,"Ack_Ka_2",0.964420265882212,0.0311503565071631,378.285097481768,0.903170725516529,1.0256698062479,"369","Ack_Ka_2"
370,"Ack_Ka_2",0.966503390289285,0.0312053105189555,380.017980530921,0.905146694307774,1.0278600862708,"370","Ack_Ka_2"
371,"Ack_Ka_2",0.968586514696357,0.0312608474428156,381.768779206759,0.907121521122545,1.03005150827017,"371","Ack_Ka_2"
372,"Ack_Ka_2",0.970669639103429,0.0313169641775673,383.537390222951,0.909095211921077,1.03224406628578,"372","Ack_Ka_2"
373,"Ack_Ka_2",0.972752763510502,0.0313736576119607,385.323708151025,0.911067772684977,1.03443775433603,"373","Ack_Ka_2"
374,"Ack_Ka_2",0.974835887917574,0.0314309246253358,387.127625420439,0.913039209415951,1.0366325664192,"374","Ack_Ka_2"
375,"Ack_Ka_2",0.976919012324647,0.0314887620882754,388.949032320068,0.915009528134554,1.03882849651474,"375","Ack_Ka_2"
376,"Ack_Ka_2",0.979002136731719,0.0315471668632537,390.787817000496,0.916978734878942,1.0410255385845,"376","Ack_Ka_2"
377,"Ack_Ka_2",0.981085261138791,0.0316061358052736,392.643865477624,0.918946835703645,1.04322368657394,"377","Ack_Ka_2"
378,"Ack_Ka_2",0.983168385545864,0.0316656657624992,394.517061637311,0.92091383667835,1.04542293441338,"378","Ack_Ka_2"
379,"Ack_Ka_2",0.985251509952936,0.0317257535768767,396.407287241145,0.922879743886701,1.04762327601917,"379","Ack_Ka_2"
380,"Ack_Ka_2",0.987334634360009,0.0317863960847495,398.31442193338,0.924844563425112,1.04982470529491,"380","Ack_Ka_2"
381,"Ack_Ka_2",0.989417758767081,0.0318475901174632,400.238343249002,0.926808301401598,1.05202721613256,"381","Ack_Ka_2"
382,"Ack_Ka_2",0.991500883174154,0.031909332501962,402.178926622912,0.928770963934617,1.05423080241369,"382","Ack_Ka_2"
383,"Ack_Ka_2",0.993584007581226,0.0319716200613775,404.136045400243,0.93073255715193,1.05643545801052,"383","Ack_Ka_2"
384,"Ack_Ka_2",0.995667131988298,0.0320344496156071,406.109570847886,0.932693087189477,1.05864117678712,"384","Ack_Ka_2"
385,"Ack_Ka_2",0.997750256395371,0.0320978179818837,408.099372167087,0.93465256019027,1.06084795260047,"385","Ack_Ka_2"
386,"Ack_Ka_2",0.999833380802443,0.0321617219753372,410.10531650722,0.936610982303299,1.06305577930159,"386","Ack_Ka_2"
387,"Ack_Ka_2",1.00191650520952,0.0322261584095454,412.12726898065,0.93856835968246,1.06526465073657,"387","Ack_Ka_2"
388,"Ack_Ka_2",1.00399962961659,0.0322911240970769,414.165092678797,0.940524698485491,1.06747456074768,"388","Ack_Ka_2"
389,"Ack_Ka_2",1.00608275402366,0.0323566158500238,416.218648689299,0.942480004872936,1.06968550317438,"389","Ack_Ka_2"
390,"Ack_Ka_2",1.00816587843073,0.0324226304805252,418.28779611428,0.944434285007116,1.07189747185435,"390","Ack_Ka_2"
391,"Ack_Ka_2",1.01024900283781,0.0324891648012815,420.372392089702,0.946387545051122,1.07411046062449,"391","Ack_Ka_2"
392,"Ack_Ka_2",1.01233212724488,0.0325562156260591,422.472291805906,0.948339791167827,1.07632446332193,"392","Ack_Ka_2"
393,"Ack_Ka_2",1.01441525165195,0.0326237797701854,424.587348529206,0.95029102951891,1.07853947378499,"393","Ack_Ka_2"
394,"Ack_Ka_2",1.01649837605902,0.0326918540510346,426.717413624528,0.952241266263903,1.08075548585414,"394","Ack_Ka_2"
395,"Ack_Ka_2",1.0185815004661,0.0327604352885033,428.862336579165,0.954190507559251,1.08297249337294,"395","Ack_Ka_2"
396,"Ack_Ka_2",1.02066462487317,0.0328295203054775,431.02196502758,0.956138759557391,1.08519049018894,"396","Ack_Ka_2"
397,"Ack_Ka_2",1.02274774928024,0.0328991059282891,433.196144777298,0.958086028405853,1.08740947015463,"397","Ack_Ka_2"
398,"Ack_Ka_2",1.02483087368731,0.0329691889871632,435.384719835696,0.96003232024637,1.08962942712825,"398","Ack_Ka_2"
399,"Ack_Ka_2",1.02691399809438,0.0330397663166566,437.587532437955,0.961977641214015,1.09185035497475,"399","Ack_Ka_2"
400,"Ack_Ka_2",1.02899712250146,0.0331108347560845,439.804423075946,0.963921997436348,1.09407224756657,"400","Ack_Ka_2"
401,"Ack_Ka_2",1.03108024690853,0.0331823911499409,442.035230528101,0.965865395032584,1.09629509878448,"401","Ack_Ka_2"
402,"Ack_Ka_2",1.0331633713156,0.0332544323483065,444.279791890172,0.967807840112784,1.09851890251842,"402","Ack_Ka_2"
403,"Ack_Ka_2",1.03524649572267,0.0333269552072492,446.537942607078,0.969749338777052,1.1007436526683,"403","Ack_Ka_2"
404,"Ack_Ka_2",1.03732962012975,0.033399956589214,448.809516505547,0.971689897114759,1.10296934314474,"404","Ack_Ka_2"
405,"Ack_Ka_2",1.03941274453682,0.0334734333634039,451.094345827706,0.973629521203781,1.10519596786986,"405","Ack_Ka_2"
406,"Ack_Ka_2",1.04149586894389,0.0335473824061518,453.392261265561,0.975568217109756,1.10742352077803,"406","Ack_Ka_2"
407,"Ack_Ka_2",1.04357899335096,0.0336218006012825,455.703091996241,0.977505990885359,1.10965199581657,"407","Ack_Ka_2"
408,"Ack_Ka_2",1.04566211775804,0.0336966848404661,458.026665718202,0.979442848569589,1.11188138694648,"408","Ack_Ka_2"
409,"Ack_Ka_2",1.04774524216511,0.0337720320235617,460.362808688101,0.981378796187081,1.11411168814314,"409","Ack_Ka_2"
410,"Ack_Ka_2",1.04982836657218,0.0338478390589523,462.711345758649,0.983313839747431,1.11634289339693,"410","Ack_Ka_2"
411,"Ack_Ka_2",1.05191149097925,0.0339241028638706,465.072100416864,0.985247985244537,1.11857499671397,"411","Ack_Ka_2"
412,"Ack_Ka_2",1.05399461538633,0.0340008203647161,467.444894823439,0.987181238655963,1.12080799211669,"412","Ack_Ka_2"
413,"Ack_Ka_2",1.0560777397934,0.0340779884973628,469.829549852597,0.989113605942309,1.12304187364449,"413","Ack_Ka_2"
414,"Ack_Ka_2",1.05816086420047,0.0341556042074586,472.225885132607,0.991045093046612,1.12527663535433,"414","Ack_Ka_2"
415,"Ack_Ka_2",1.06024398860754,0.0342336644507161,474.63371908699,0.992975705893749,1.12751227132134,"415","Ack_Ka_2"
416,"Ack_Ka_2",1.06232711301462,0.0343121661931938,477.052868976457,0.994905450389871,1.12974877563936,"416","Ack_Ka_2"
417,"Ack_Ka_2",1.06441023742169,0.0343911064115706,479.483150941101,0.996834332421837,1.13198614242154,"417","Ack_Ka_2"
418,"Ack_Ka_2",1.06649336182876,0.0344704820934095,481.924380043574,0.998762357856683,1.13422436580084,"418","Ack_Ka_2"
419,"Ack_Ka_2",1.06857648623583,0.0345502902374153,484.376370312334,1.00068953254109,1.13646343993058,"419","Ack_Ka_2"
420,"Ack_Ka_2",1.07065961064291,0.0346305278536827,486.8389347859,1.00261586230087,1.13870335898494,"420","Ack_Ka_2"
421,"Ack_Ka_2",1.07274273504998,0.0347111919639361,489.31188555699,1.00454135294049,1.14094411715946,"421","Ack_Ka_2"
422,"Ack_Ka_2",1.07482585945705,0.0347922796017628,491.795033817623,1.00646601024259,1.14318570867151,"422","Ack_Ka_2"
423,"Ack_Ka_2",1.07690898386412,0.0348737878128363,494.288189904225,1.0083898399675,1.14542812776075,"423","Ack_Ka_2"
424,"Ack_Ka_2",1.0789921082712,0.0349557136551338,496.79116334343,1.0103128478528,1.14767136868959,"424","Ack_Ka_2"
425,"Ack_Ka_2",1.08107523267827,0.035038054199144,499.303762897888,1.01223503961292,1.14991542574361,"425","Ack_Ka_2"
426,"Ack_Ka_2",1.08315835708534,0.0351208065280694,501.825796612617,1.01415642093869,1.15216029323199,"426","Ack_Ka_2"
427,"Ack_Ka_2",1.08524148149241,0.0352039677380192,504.357071861601,1.01607699749693,1.1544059654879,"427","Ack_Ka_2"
428,"Ack_Ka_2",1.08732460589948,0.0352875349381957,506.897395394546,1.01799677493008,1.15665243686889,"428","Ack_Ka_2"
429,"Ack_Ka_2",1.08940773030656,0.0353715052510739,509.446573383959,1.01991575885585,1.15889970175727,"429","Ack_Ka_2"
430,"Ack_Ka_2",1.09149085471363,0.0354558758125731,512.004411472148,1.02183395486679,1.16114775456047,"430","Ack_Ka_2"
431,"Ack_Ka_2",1.0935739791207,0.0355406437722213,514.570714818837,1.02375136853001,1.16339658971139,"431","Ack_Ka_2"
432,"Ack_Ka_2",1.09565710352777,0.035625806293314,517.145288148372,1.02566800538682,1.16564620166873,"432","Ack_Ka_2"
433,"Ack_Ka_2",1.09774022793485,0.0357113605530653,519.727935797403,1.02758387095241,1.16789658491729,"433","Ack_Ka_2"
434,"Ack_Ka_2",1.09982335234192,0.0357973037427512,522.318461762446,1.02949897071553,1.17014773396831,"434","Ack_Ka_2"
435,"Ack_Ka_2",1.10190647674899,0.0358836330678492,524.91666974747,1.03141331013825,1.17239964335973,"435","Ack_Ka_2"
436,"Ack_Ka_2",1.10398960115606,0.0359703457481682,527.522363211508,1.03332689465561,1.17465230765652,"436","Ack_Ka_2"
437,"Ack_Ka_2",1.10607272556314,0.0360574390179748,530.135345416323,1.03523972967539,1.17690572145088,"437","Ack_Ka_2"
438,"Ack_Ka_2",1.10815584997021,0.0361449101261112,532.755419473735,1.03715182057786,1.17915987936256,"438","Ack_Ka_2"
439,"Ack_Ka_2",1.11023897437728,0.0362327563361086,535.38238839312,1.0390631727155,1.18141477603906,"439","Ack_Ka_2"
440,"Ack_Ka_2",1.11232209878435,0.0363209749262938,538.016055128671,1.04097379141283,1.18367040615588,"440","Ack_Ka_2"
441,"Ack_Ka_2",1.11440522319143,0.0364095631898899,540.6562226266,1.04288368196612,1.18592676441674,"441","Ack_Ka_2"
442,"Ack_Ka_2",1.1164883475985,0.0364985184351117,543.302693871786,1.04479284964321,1.18818384555378,"442","Ack_Ka_2"
443,"Ack_Ka_2",1.11857147200557,0.0365878379852551,545.955271934823,1.04670129968335,1.19044164432779,"443","Ack_Ka_2"
444,"Ack_Ka_2",1.12065459641264,0.0366775191787808,548.613760018302,1.04860903729695,1.19270015552834,"444","Ack_Ka_2"
445,"Ack_Ka_2",1.12273772081972,0.0367675593693935,551.277961502985,1.05051606766544,1.19495937397399,"445","Ack_Ka_2"
446,"Ack_Ka_2",1.12482084522679,0.0368579559261145,553.947679993844,1.0524223959411,1.19721929451247,"446","Ack_Ka_2"
447,"Ack_Ka_2",1.12690396963386,0.0369487062333501,556.622719365487,1.05432802724691,1.19947991202081,"447","Ack_Ka_2"
448,"Ack_Ka_2",1.12898709404093,0.0370398076909543,559.302883807478,1.05623296667639,1.20174122140548,"448","Ack_Ka_2"
449,"Ack_Ka_2",1.13107021844801,0.0371312577142876,561.987977869177,1.05813721929347,1.20400321760254,"449","Ack_Ka_2"
450,"Ack_Ka_2",1.13315334285508,0.037223053734269,564.677806504182,1.06004079013238,1.20626589557777,"450","Ack_Ka_2"
451,"Ack_Ka_2",1.13523646726215,0.0373151931974256,567.372175114325,1.06194368419753,1.20852925032677,"451","Ack_Ka_2"
452,"Ack_Ka_2",1.13731959166922,0.0374076735659356,570.070889593311,1.06384590646338,1.21079327687506,"452","Ack_Ka_2"
453,"Ack_Ka_2",1.1394027160763,0.0375004923176679,572.773756369862,1.06574746187438,1.21305797027821,"453","Ack_Ka_2"
454,"Ack_Ka_2",1.14148584048337,0.0375936469462173,575.480582450163,1.06764835534485,1.21532332562189,"454","Ack_Ka_2"
455,"Ack_Ka_2",1.14356896489044,0.0376871349609342,578.191175460229,1.06954859175891,1.21758933802198,"455","Ack_Ka_2"
456,"Ack_Ka_2",1.14565208929751,0.0377809538869519,580.905343687297,1.07144817597042,1.2198560026246,"456","Ack_Ka_2"
457,"Ack_Ka_2",1.14773521370459,0.0378751012652083,583.6228961209,1.07334711280293,1.22212331460624,"457","Ack_Ka_2"
458,"Ack_Ka_2",1.14981833811166,0.0379695746524643,586.343642493309,1.07524540704957,1.22439126917374,"458","Ack_Ka_2"
459,"Ack_Ka_2",1.15190146251873,0.0380643716213181,589.067393319476,1.07714306347307,1.22665986156439,"459","Ack_Ka_2"
460,"Ack_Ka_2",1.1539845869258,0.0381594897602162,591.793959936172,1.07904008680568,1.22892908704593,"460","Ack_Ka_2"
461,"Ack_Ka_2",1.15606771133288,0.0382549266734594,594.523154540628,1.08093648174914,1.23119894091661,"461","Ack_Ka_2"
462,"Ack_Ka_2",1.15815083573995,0.0383506799812071,597.254790228609,1.08283225297468,1.23346941850522,"462","Ack_Ka_2"
463,"Ack_Ka_2",1.16023396014702,0.0384467473194759,599.988681031603,1.08472740512298,1.23574051517106,"463","Ack_Ka_2"
464,"Ack_Ka_2",1.16231708455409,0.0385431263401372,602.7246419536,1.08662194280419,1.238012226304,"464","Ack_Ka_2"
465,"Ack_Ka_2",1.16440020896116,0.0386398147109095,605.462489006957,1.08851587059788,1.24028454732445,"465","Ack_Ka_2"
466,"Ack_Ka_2",1.16648333336824,0.0387368101153479,608.202039247749,1.09040919305308,1.24255747368339,"466","Ack_Ka_2"
467,"Ack_Ka_2",1.16856645777531,0.038834110252832,610.943110810265,1.0923019146883,1.24483100086232,"467","Ack_Ka_2"
468,"Ack_Ka_2",1.17064958218238,0.0389317128385483,613.685522940773,1.09419403999149,1.24710512437328,"468","Ack_Ka_2"
469,"Ack_Ka_2",1.17273270658945,0.0390296156034714,616.429096030765,1.09608557342013,1.24937983975878,"469","Ack_Ka_2"
470,"Ack_Ka_2",1.17481583099653,0.0391278162943418,619.173651649117,1.09797651940121,1.25165514259184,"470","Ack_Ka_2"
471,"Ack_Ka_2",1.1768989554036,0.0392263126736413,621.919012573887,1.09986688233129,1.2539310284759,"471","Ack_Ka_2"
472,"Ack_Ka_2",1.17898207981067,0.0393251025195646,624.665002822869,1.10175666657654,1.2562074930448,"472","Ack_Ka_2"
473,"Ack_Ka_2",1.18106520421774,0.0394241836259894,627.411447683931,1.10364587647276,1.25848453196273,"473","Ack_Ka_2"
474,"Ack_Ka_2",1.18314832862482,0.0395235538024439,630.158173744011,1.10553451632545,1.26076214092418,"474","Ack_Ka_2"
475,"Ack_Ka_2",1.18523145303189,0.0396232108740711,632.905008917825,1.10742259040986,1.26304031565391,"475","Ack_Ka_2"
476,"Ack_Ka_2",1.18731457743896,0.0397231526815914,635.651782475373,1.10931010297107,1.26531905190685,"476","Ack_Ka_2"
477,"Ack_Ka_2",1.18939770184603,0.0398233770812622,638.398325068944,1.11119705822402,1.26759834546805,"477","Ack_Ka_2"
478,"Ack_Ka_2",1.19148082625311,0.0399238819448368,641.14446875919,1.11308346035359,1.26987819215262,"478","Ack_Ka_2"
479,"Ack_Ka_2",1.19356395066018,0.040024665159519,643.890047040276,1.11496931351471,1.27215858780565,"479","Ack_Ka_2"
480,"Ack_Ka_2",1.19564707506725,0.0401257246279172,646.634894864534,1.11685462183238,1.27443952830212,"480","Ack_Ka_2"
481,"Ack_Ka_2",1.19773019947432,0.0402270582679959,649.378848666035,1.1187393894018,1.27672100954684,"481","Ack_Ka_2"
482,"Ack_Ka_2",1.1998133238814,0.0403286640130258,652.121746383334,1.12062362028844,1.27900302747435,"482","Ack_Ka_2"
483,"Ack_Ka_2",1.20189644828847,0.040430539811531,654.863427481731,1.12250731852812,1.28128557804882,"483","Ack_Ka_2"
484,"Ack_Ka_2",1.20397957269554,0.0405326836272352,657.603732974158,1.12439048812711,1.28356865726397,"484","Ack_Ka_2"
485,"Ack_Ka_2",1.20606269710261,0.0406350934390061,660.342505441896,1.12627313306226,1.28585226114297,"485","Ack_Ka_2"
486,"Ack_Ka_2",1.20814582150969,0.0407377672407983,663.079589054006,1.12815525728104,1.28813638573833,"486","Ack_Ka_2"
487,"Ack_Ka_2",1.21022894591676,0.0408407030415937,665.814829585916,1.13003686470171,1.29042102713181,"487","Ack_Ka_2"
488,"Ack_Ka_2",1.21231207032383,0.0409438988653415,668.548074437797,1.13191795921337,1.29270618143429,"488","Ack_Ka_2"
489,"Ack_Ka_2",1.2143951947309,0.0410473527508953,671.279172651277,1.13379854467613,1.29499184478567,"489","Ack_Ka_2"
490,"Ack_Ka_2",1.21647831913798,0.0411510627519516,674.007974926055,1.13567862492117,1.29727801335478,"490","Ack_Ka_2"
491,"Ack_Ka_2",1.21856144354505,0.0412550269369826,676.734333635273,1.13755820375088,1.29956468333921,"491","Ack_Ka_2"
492,"Ack_Ka_2",1.22064456795212,0.0413592433891716,679.458102840359,1.139437284939,1.30185185096524,"492","Ack_Ka_2"
493,"Ack_Ka_2",1.22272769235919,0.0414637102063455,682.17913830489,1.14131587223071,1.30413951248767,"493","Ack_Ka_2"
494,"Ack_Ka_2",1.22481081676626,0.0415684255009056,684.897297507852,1.14319396934278,1.30642766418975,"494","Ack_Ka_2"
495,"Ack_Ka_2",1.22689394117334,0.0416733873997586,687.612439655788,1.14507157996368,1.30871630238299,"495","Ack_Ka_2"
496,"Ack_Ka_2",1.22897706558041,0.0417785940442453,690.324425694601,1.14694870775372,1.3110054234071,"496","Ack_Ka_2"
497,"Ack_Ka_2",1.23106018998748,0.0418840435900694,693.033118320369,1.14882535634518,1.31329502362979,"497","Ack_Ka_2"
498,"Ack_Ka_2",1.23314331439455,0.0419897342072236,695.738381989195,1.15070152934245,1.31558509944666,"498","Ack_Ka_2"
499,"Ack_Ka_2",1.23522643880163,0.0420956640799171,698.440082926688,1.15257723032216,1.3178756472811,"499","Ack_Ka_2"
500,"Ack_Ka_2",1.2373095632087,0.0422018314064999,701.138089136524,1.15445246283332,1.32016666358408,"500","Ack_Ka_2"
0,"Ack_Ka_3",0.311563021218614,0.0754072224123229,920.839611616076,0.163573065434202,0.459552977003026,"0","Ack_Ka_3"
1,"Ack_Ka_3",0.313288183716659,0.0752447707961292,919.492349641389,0.165616761535861,0.460959605897457,"1","Ack_Ka_3"
2,"Ack_Ka_3",0.315013346214703,0.075082442308211,918.139198538978,0.16766021513904,0.462366477290367,"2","Ack_Ka_3"
3,"Ack_Ka_3",0.316738508712748,0.0749202377489087,916.780142010356,0.169703424666948,0.463773592758548,"3","Ack_Ka_3"
4,"Ack_Ka_3",0.318463671210793,0.0747581579248949,915.415163958394,0.171746388530322,0.465180953891264,"4","Ack_Ka_3"
5,"Ack_Ka_3",0.320188833708838,0.07459620364923,914.04424849281,0.173789105127322,0.466588562290354,"5","Ack_Ka_3"
6,"Ack_Ka_3",0.321913996206882,0.0744343757414182,912.667379936463,0.175831572843418,0.467996419570347,"6","Ack_Ka_3"
7,"Ack_Ka_3",0.323639158704927,0.0742726750274635,911.28454283075,0.177873790051283,0.469404527358572,"7","Ack_Ka_3"
8,"Ack_Ka_3",0.325364321202972,0.0741111023399269,909.89572194181,0.179915755110677,0.470812887295266,"8","Ack_Ka_3"
9,"Ack_Ka_3",0.327089483701016,0.0739496585179837,908.500902266848,0.181957466368341,0.472221501033692,"9","Ack_Ka_3"
10,"Ack_Ka_3",0.328814646199061,0.0737883444074809,907.10006903963,0.183998922157876,0.473630370240247,"10","Ack_Ka_3"
11,"Ack_Ka_3",0.330539808697106,0.0736271608609961,905.693207737379,0.186040120799631,0.475039496594581,"11","Ack_Ka_3"
12,"Ack_Ka_3",0.332264971195151,0.0734661087378958,904.280304086754,0.188081060600592,0.476448881789709,"12","Ack_Ka_3"
13,"Ack_Ka_3",0.333990133693195,0.0733051889043948,902.861344070455,0.19012173985426,0.477858527532131,"13","Ack_Ka_3"
14,"Ack_Ka_3",0.33571529619124,0.0731444022336161,901.436313933569,0.192162156840536,0.479268435541945,"14","Ack_Ka_3"
15,"Ack_Ka_3",0.337440458689285,0.0729837496056513,900.005200190286,0.194202309825601,0.480678607552969,"15","Ack_Ka_3"
16,"Ack_Ka_3",0.33916562118733,0.0728232319076209,898.567989630431,0.196242197061801,0.482089045312858,"16","Ack_Ka_3"
17,"Ack_Ka_3",0.340890783685374,0.072662850033736,897.124669326457,0.198281816787521,0.483499750583228,"17","Ack_Ka_3"
18,"Ack_Ka_3",0.342615946183419,0.0725026048853601,895.675226640259,0.200321167227069,0.484910725139769,"18","Ack_Ka_3"
19,"Ack_Ka_3",0.344341108681464,0.0723424973710711,894.219649229913,0.202360246590548,0.486321970772379,"19","Ack_Ka_3"
20,"Ack_Ka_3",0.346066271179509,0.0721825284067243,892.757925056993,0.20439905307374,0.487733489285277,"20","Ack_Ka_3"
21,"Ack_Ka_3",0.347791433677553,0.0720226989155158,891.290042393573,0.206437584857975,0.489145282497132,"21","Ack_Ka_3"
22,"Ack_Ka_3",0.349516596175598,0.0718630098280462,889.815989829441,0.208475840110008,0.490557352241188,"22","Ack_Ka_3"
23,"Ack_Ka_3",0.351241758673643,0.0717034620823852,888.335756279587,0.210513816981895,0.491969700365391,"23","Ack_Ka_3"
24,"Ack_Ka_3",0.352966921171687,0.071544056624136,886.849330991369,0.212551513610863,0.493382328732512,"24","Ack_Ka_3"
25,"Ack_Ka_3",0.354692083669732,0.0713847944065013,885.356703552224,0.214588928119183,0.494795239220281,"25","Ack_Ka_3"
26,"Ack_Ka_3",0.356417246167777,0.0712256763903489,883.857863897008,0.21662605861404,0.496208433721513,"26","Ack_Ka_3"
27,"Ack_Ka_3",0.358142408665822,0.0710667035442779,882.352802316095,0.218662903187404,0.497621914144239,"27","Ack_Ka_3"
28,"Ack_Ka_3",0.359867571163866,0.0709078768446864,880.841509462689,0.220699459915896,0.499035682411837,"28","Ack_Ka_3"
29,"Ack_Ka_3",0.361592733661911,0.0707491972758384,879.323976361124,0.222735726860658,0.500449740463164,"29","Ack_Ka_3"
30,"Ack_Ka_3",0.363317896159956,0.0705906658299321,877.800194414313,0.22477170206722,0.501864090252692,"30","Ack_Ka_3"
31,"Ack_Ka_3",0.365043058658001,0.0704322835071683,876.270155412336,0.226807383565362,0.503278733750639,"31","Ack_Ka_3"
32,"Ack_Ka_3",0.366768221156045,0.0702740513158197,874.733851540344,0.228842769368983,0.504693672943107,"32","Ack_Ka_3"
33,"Ack_Ka_3",0.36849338365409,0.0701159702723007,873.19127538668,0.230877857475963,0.506108909832217,"33","Ack_Ka_3"
34,"Ack_Ka_3",0.370218546152135,0.069958041401237,871.642419951336,0.232912645868022,0.507524446436247,"34","Ack_Ka_3"
35,"Ack_Ka_3",0.371943708650179,0.0698002657355369,870.087278654431,0.234947132510588,0.508940284789771,"35","Ack_Ka_3"
36,"Ack_Ka_3",0.373668871148224,0.0696426443164625,868.525845344403,0.236981315352651,0.510356426943797,"36","Ack_Ka_3"
37,"Ack_Ka_3",0.375394033646269,0.0694851781937011,866.958114307112,0.239015192326626,0.511772874965912,"37","Ack_Ka_3"
38,"Ack_Ka_3",0.377119196144314,0.069327868425438,865.38408027407,0.24104876134821,0.513189630940417,"38","Ack_Ka_3"
39,"Ack_Ka_3",0.378844358642358,0.069170716078429,863.803738431418,0.243082020316242,0.514606696968475,"39","Ack_Ka_3"
40,"Ack_Ka_3",0.380569521140403,0.0690137222280741,862.217084428739,0.245114967112552,0.516024075168254,"40","Ack_Ka_3"
41,"Ack_Ka_3",0.382294683638448,0.0688568879584916,860.624114388035,0.247147599601825,0.51744176767507,"41","Ack_Ka_3"
42,"Ack_Ka_3",0.384019846136493,0.0687002143625921,859.024824912548,0.249179915631451,0.518859776641534,"42","Ack_Ka_3"
43,"Ack_Ka_3",0.385745008634537,0.0685437025421541,857.419213096481,0.251211913031375,0.520278104237699,"43","Ack_Ka_3"
44,"Ack_Ka_3",0.387470171132582,0.0683873536078992,855.807276533354,0.253243589613955,0.521696752651209,"44","Ack_Ka_3"
45,"Ack_Ka_3",0.389195333630627,0.0682311686795685,854.189013326007,0.25527494317381,0.523115724087444,"45","Ack_Ka_3"
46,"Ack_Ka_3",0.390920496128671,0.0680751488859993,852.564422095497,0.257305971487668,0.524535020769675,"46","Ack_Ka_3"
47,"Ack_Ka_3",0.392645658626716,0.0679192953652022,850.933501990967,0.259336672314219,0.525954644939214,"47","Ack_Ka_3"
48,"Ack_Ka_3",0.394370821124761,0.0677636092644386,849.296252698727,0.261367043393959,0.527374598855563,"48","Ack_Ka_3"
49,"Ack_Ka_3",0.396095983622806,0.0676080917402999,847.652674452334,0.26339708244904,0.528794884796571,"49","Ack_Ka_3"
50,"Ack_Ka_3",0.39782114612085,0.0674527439587854,846.002768041875,0.265426787183115,0.530215505058586,"50","Ack_Ka_3"
51,"Ack_Ka_3",0.399546308618895,0.0672975670953821,844.346534824013,0.26745615528118,0.53163646195661,"51","Ack_Ka_3"
52,"Ack_Ka_3",0.40127147111694,0.0671425623351448,842.683976731747,0.269485184409421,0.533057757824459,"52","Ack_Ka_3"
53,"Ack_Ka_3",0.402996633614985,0.0669877308727762,841.015096284446,0.271513872215055,0.534479395014914,"53","Ack_Ka_3"
54,"Ack_Ka_3",0.404721796113029,0.0668330739127084,839.339896597517,0.273542216326173,0.535901375899886,"54","Ack_Ka_3"
55,"Ack_Ka_3",0.406446958611074,0.0666785926691839,837.658381393015,0.275570214351579,0.537323702870569,"55","Ack_Ka_3"
56,"Ack_Ka_3",0.408172121109119,0.066524288366338,835.970555009237,0.27759786388063,0.538746378337608,"56","Ack_Ka_3"
57,"Ack_Ka_3",0.409897283607163,0.0663701622382814,834.276422411287,0.279625162483075,0.540169404731252,"57","Ack_Ka_3"
58,"Ack_Ka_3",0.411622446105208,0.0662162155291832,832.575989201284,0.281652107708895,0.541592784501522,"58","Ack_Ka_3"
59,"Ack_Ka_3",0.413347608603253,0.0660624494933547,830.86926162863,0.283678697088134,0.543016520118372,"59","Ack_Ka_3"
60,"Ack_Ka_3",0.415072771101298,0.0659088653953335,829.156246600471,0.285704928130739,0.544440614071857,"60","Ack_Ka_3"
61,"Ack_Ka_3",0.416797933599342,0.0657554645099682,827.436951692244,0.287730798326393,0.545865068872292,"61","Ack_Ka_3"
62,"Ack_Ka_3",0.418523096097387,0.0656022481225037,825.711385158089,0.289756305144351,0.547289887050423,"62","Ack_Ka_3"
63,"Ack_Ka_3",0.420248258595432,0.0654492175286668,823.979555941469,0.291781446033269,0.548715071157594,"63","Ack_Ka_3"
64,"Ack_Ka_3",0.421973421093477,0.0652963740347525,822.241473685937,0.293806218421038,0.550140623765915,"64","Ack_Ka_3"
65,"Ack_Ka_3",0.423698583591521,0.0651437189577107,820.497148745532,0.295830619714614,0.551566547468429,"65","Ack_Ka_3"
66,"Ack_Ka_3",0.425423746089566,0.0649912536252337,818.746592195993,0.297854647299847,0.552992844879285,"66","Ack_Ka_3"
67,"Ack_Ka_3",0.427148908587611,0.0648389793758435,816.989815845083,0.299878298541314,0.554419518633907,"67","Ack_Ka_3"
68,"Ack_Ka_3",0.428874071085656,0.0646868975589803,815.226832243836,0.301901570782142,0.555846571389169,"68","Ack_Ka_3"
69,"Ack_Ka_3",0.4305992335837,0.0645350095350913,813.457654697007,0.303924461343836,0.557274005823565,"69","Ack_Ka_3"
70,"Ack_Ka_3",0.432324396081745,0.0643833166757195,811.682297274544,0.305946967526108,0.558701824637382,"70","Ack_Ka_3"
71,"Ack_Ka_3",0.43404955857979,0.0642318203635938,809.900774821998,0.307969086606701,0.560130030552879,"71","Ack_Ka_3"
72,"Ack_Ka_3",0.435774721077834,0.064080521992719,808.113102971971,0.30999081584121,0.561558626314459,"72","Ack_Ka_3"
73,"Ack_Ka_3",0.437499883575879,0.0639294229684662,806.319298154762,0.312012152462911,0.562987614688848,"73","Ack_Ka_3"
74,"Ack_Ka_3",0.439225046073924,0.063778524707664,804.519377609773,0.31403309368258,0.564416998465268,"74","Ack_Ka_3"
75,"Ack_Ka_3",0.440950208571969,0.0636278286386901,802.713359396421,0.316053636688317,0.565846780455621,"75","Ack_Ka_3"
76,"Ack_Ka_3",0.442675371070013,0.0634773362015631,800.901262405157,0.318073778645364,0.567276963494663,"76","Ack_Ka_3"
77,"Ack_Ka_3",0.444400533568058,0.0633270488480348,799.083106368669,0.32009351669593,0.568707550440186,"77","Ack_Ka_3"
78,"Ack_Ka_3",0.446125696066103,0.063176968041683,797.258911873198,0.322112847959006,0.5701385441732,"78","Ack_Ka_3"
79,"Ack_Ka_3",0.447850858564148,0.0630270952580051,795.42870036935,0.324131769530185,0.57156994759811,"79","Ack_Ka_3"
80,"Ack_Ka_3",0.449576021062192,0.0628774319845111,793.592494183499,0.326150278481483,0.573001763642902,"80","Ack_Ka_3"
81,"Ack_Ka_3",0.451301183560237,0.0627279797208178,791.750316528743,0.328168371861151,0.574433995259323,"81","Ack_Ka_3"
82,"Ack_Ka_3",0.453026346058282,0.0625787399787435,789.902191516406,0.330186046693497,0.575866645423067,"82","Ack_Ka_3"
83,"Ack_Ka_3",0.454751508556326,0.0624297142824024,788.048144166606,0.332203299978696,0.577299717133957,"83","Ack_Ka_3"
84,"Ack_Ka_3",0.456476671054371,0.0622809041682999,786.188200420096,0.334220128692612,0.57873321341613,"84","Ack_Ka_3"
85,"Ack_Ka_3",0.458201833552416,0.0621323111854281,784.322387148822,0.336236529786607,0.580167137318225,"85","Ack_Ka_3"
86,"Ack_Ka_3",0.459926996050461,0.0619839368953614,782.450732167207,0.338252500187357,0.581601491913564,"86","Ack_Ka_3"
87,"Ack_Ka_3",0.461652158548505,0.0618357828723527,780.573264243383,0.340268036796667,0.583036280300344,"87","Ack_Ka_3"
88,"Ack_Ka_3",0.46337732104655,0.0616878507034304,778.690013110066,0.34228313649128,0.584471505601821,"88","Ack_Ka_3"
89,"Ack_Ka_3",0.465102483544595,0.0615401419884943,776.80100947569,0.344297796122693,0.585907170966497,"89","Ack_Ka_3"
90,"Ack_Ka_3",0.46682764604264,0.0613926583404132,774.90628503533,0.346312012516968,0.587343279568311,"90","Ack_Ka_3"
91,"Ack_Ka_3",0.468552808540684,0.0612454013851221,773.005872481526,0.348325782474542,0.588779834606827,"91","Ack_Ka_3"
92,"Ack_Ka_3",0.470277971038729,0.06109837276172,771.099805515592,0.350339102770039,0.590216839307419,"92","Ack_Ka_3"
93,"Ack_Ka_3",0.472003133536774,0.0609515741225672,769.188118857869,0.352351970152081,0.591654296921467,"93","Ack_Ka_3"
94,"Ack_Ka_3",0.473728296034819,0.0608050071333839,767.270848259064,0.354364381343096,0.593092210726541,"94","Ack_Ka_3"
95,"Ack_Ka_3",0.475453458532863,0.0606586734733483,765.348030510616,0.35637633303913,0.594530584026597,"95","Ack_Ka_3"
96,"Ack_Ka_3",0.477178621030908,0.0605125748351949,763.419703455502,0.358387821909655,0.59596942015216,"96","Ack_Ka_3"
97,"Ack_Ka_3",0.478903783528953,0.0603667129253132,761.485905998702,0.360398844597382,0.597408722460524,"97","Ack_Ka_3"
98,"Ack_Ka_3",0.480628946026997,0.0602210894638469,759.546678117883,0.362409397718062,0.598848494335933,"98","Ack_Ka_3"
99,"Ack_Ka_3",0.482354108525042,0.0600757061847921,757.602060873695,0.364419477860303,0.600288739189781,"99","Ack_Ka_3"
100,"Ack_Ka_3",0.484079271023087,0.0599305648360971,755.652096419934,0.366429081585376,0.601729460460798,"100","Ack_Ka_3"
101,"Ack_Ka_3",0.485804433521132,0.0597856671797611,753.6968280142,0.36843820542702,0.603170661615243,"101","Ack_Ka_3"
102,"Ack_Ka_3",0.487529596019176,0.0596410149919334,751.736300027477,0.370446845891256,0.604612346147097,"102","Ack_Ka_3"
103,"Ack_Ka_3",0.489254758517221,0.0594966100630133,749.770557954623,0.372454999456191,0.606054517578251,"103","Ack_Ka_3"
104,"Ack_Ka_3",0.490979921015266,0.0593524541977484,747.799648423937,0.374462662571831,0.607497179458701,"104","Ack_Ka_3"
105,"Ack_Ka_3",0.49270508351331,0.059208549215335,745.823619206947,0.376469831659884,0.608940335366737,"105","Ack_Ka_3"
106,"Ack_Ka_3",0.494430246011355,0.0590648969495167,743.842519228346,0.378476503113572,0.610383988909138,"106","Ack_Ka_3"
107,"Ack_Ka_3",0.4961554085094,0.0589214992486838,741.856398575108,0.380482673297442,0.611828143721358,"107","Ack_Ka_3"
108,"Ack_Ka_3",0.497880571007445,0.058778357975973,739.865308506127,0.38248833854717,0.613272803467719,"108","Ack_Ka_3"
109,"Ack_Ka_3",0.499605733505489,0.0586354750093657,737.869301461245,0.384493495169374,0.614717971841605,"109","Ack_Ka_3"
110,"Ack_Ka_3",0.501330896003534,0.0584928522417878,735.86843107033,0.386498139441421,0.616163652565647,"110","Ack_Ka_3"
111,"Ack_Ka_3",0.503056058501579,0.0583504915812082,733.862752162398,0.388502267611241,0.617609849391917,"111","Ack_Ka_3"
112,"Ack_Ka_3",0.504781220999624,0.0582083949507374,731.852320773948,0.390505875897133,0.619056566102114,"112","Ack_Ka_3"
113,"Ack_Ka_3",0.506506383497668,0.0580665642887261,729.837194157739,0.392508960487579,0.620503806507757,"113","Ack_Ka_3"
114,"Ack_Ka_3",0.508231545995713,0.0579250015488635,727.817430791085,0.394511517541055,0.621951574450371,"114","Ack_Ka_3"
115,"Ack_Ka_3",0.509956708493758,0.0577837087002752,725.793090384095,0.396513543185842,0.623399873801673,"115","Ack_Ka_3"
116,"Ack_Ka_3",0.511681870991803,0.0576426877276211,723.764233887449,0.398515033519841,0.624848708463764,"116","Ack_Ka_3"
117,"Ack_Ka_3",0.513407033489847,0.0575019406311924,721.730923500295,0.400515984610384,0.62629808236931,"117","Ack_Ka_3"
118,"Ack_Ka_3",0.515132195987892,0.0573614694270087,719.693222677763,0.402516392494051,0.627747999481732,"118","Ack_Ka_3"
119,"Ack_Ka_3",0.516857358485937,0.0572212761469148,717.651196138239,0.404516253176485,0.629198463795388,"119","Ack_Ka_3"
120,"Ack_Ka_3",0.518582520983981,0.0570813628386767,715.604909870465,0.406515562632207,0.630649479335756,"120","Ack_Ka_3"
121,"Ack_Ka_3",0.520307683482026,0.0569417315660772,713.554431140507,0.408514316804433,0.632101050159619,"121","Ack_Ka_3"
122,"Ack_Ka_3",0.522032845980071,0.0568023844090112,711.499828498051,0.410512511604897,0.633553180355245,"122","Ack_Ka_3"
123,"Ack_Ka_3",0.523758008478116,0.0566633234635801,709.441171783136,0.412510142913664,0.635005874042567,"123","Ack_Ka_3"
124,"Ack_Ka_3",0.52548317097616,0.0565245508421862,707.378532131852,0.414507206578958,0.636459135373362,"124","Ack_Ka_3"
125,"Ack_Ka_3",0.527208333474205,0.0563860686736256,705.311981982554,0.416503698416979,0.637912968531431,"125","Ack_Ka_3"
126,"Ack_Ka_3",0.52893349597225,0.0562478791031814,703.241595081128,0.41849961421173,0.63936737773277,"126","Ack_Ka_3"
127,"Ack_Ka_3",0.530658658470295,0.0561099842927152,701.167446486274,0.42049494971484,0.640822367225749,"127","Ack_Ka_3"
128,"Ack_Ka_3",0.532383820968339,0.0559723864207587,699.08961257461,0.422489700645395,0.642277941291284,"128","Ack_Ka_3"
129,"Ack_Ka_3",0.534108983466384,0.0558350876826039,697.008171045256,0.424483862689762,0.643734104243006,"129","Ack_Ka_3"
130,"Ack_Ka_3",0.535834145964429,0.0556980902903928,694.923200924176,0.426477431501424,0.645190860427434,"130","Ack_Ka_3"
131,"Ack_Ka_3",0.537559308462473,0.055561396473206,692.83478256826,0.428470402700808,0.646648214224139,"131","Ack_Ka_3"
132,"Ack_Ka_3",0.539284470960518,0.0554250084771503,690.742997669063,0.430462771875126,0.648106170045911,"132","Ack_Ka_3"
133,"Ack_Ka_3",0.541009633458563,0.0552889285654453,688.64792925615,0.432454534578203,0.649564732338923,"133","Ack_Ka_3"
134,"Ack_Ka_3",0.542734795956608,0.0551531590185096,686.549661700175,0.434445686330324,0.651023905582891,"134","Ack_Ka_3"
135,"Ack_Ka_3",0.544459958454652,0.0550177021340445,684.448280715605,0.436436222618072,0.652483694291233,"135","Ack_Ka_3"
136,"Ack_Ka_3",0.546185120952697,0.054882560227118,682.343873363019,0.438426138894168,0.653944103011226,"136","Ack_Ka_3"
137,"Ack_Ka_3",0.547910283450742,0.0547477356302466,680.236528051219,0.440415430577324,0.655405136324159,"137","Ack_Ka_3"
138,"Ack_Ka_3",0.549635445948787,0.0546132306934763,678.126334538728,0.442404093052089,0.656866798845484,"138","Ack_Ka_3"
139,"Ack_Ka_3",0.551360608446831,0.0544790477844621,676.013383935067,0.444392121668697,0.658329095224966,"139","Ack_Ka_3"
140,"Ack_Ka_3",0.553085770944876,0.054345189288546,673.897768701803,0.446379511742927,0.659792030146825,"140","Ack_Ka_3"
141,"Ack_Ka_3",0.554810933442921,0.0542116576088339,671.779582652637,0.448366258555958,0.661255608329884,"141","Ack_Ka_3"
142,"Ack_Ka_3",0.556536095940966,0.0540784551662705,669.658920953913,0.450352357354229,0.662719834527703,"142","Ack_Ka_3"
143,"Ack_Ka_3",0.55826125843901,0.0539455843997131,667.535880124043,0.452337803349304,0.664184713528716,"143","Ack_Ka_3"
144,"Ack_Ka_3",0.559986420937055,0.0538130477660034,665.410558032786,0.45432259171774,0.665650250156369,"144","Ack_Ka_3"
145,"Ack_Ka_3",0.5617115834351,0.0536808477400377,663.283053900134,0.456306717600957,0.667116449269242,"145","Ack_Ka_3"
146,"Ack_Ka_3",0.563436745933144,0.0535489868148353,661.153468294779,0.458290176105111,0.668583315761178,"146","Ack_Ka_3"
147,"Ack_Ka_3",0.565161908431189,0.0534174675016052,659.021903132048,0.460272962300975,0.670050854561403,"147","Ack_Ka_3"
148,"Ack_Ka_3",0.566887070929234,0.0532862923298107,656.888461671363,0.462255071223819,0.671519070634649,"148","Ack_Ka_3"
149,"Ack_Ka_3",0.568612233427279,0.053155463847232,654.753248513499,0.464236497873297,0.67298796898126,"149","Ack_Ka_3"
150,"Ack_Ka_3",0.570337395925323,0.0530249846200269,652.616369597234,0.466217237213341,0.674457554637306,"150","Ack_Ka_3"
151,"Ack_Ka_3",0.572062558423368,0.052894857232789,650.477932195385,0.468197284172047,0.675927832674689,"151","Ack_Ka_3"
152,"Ack_Ka_3",0.573787720921413,0.0527650842886044,648.338044910671,0.470176633641586,0.67739880820124,"152","Ack_Ka_3"
153,"Ack_Ka_3",0.575512883419457,0.0526356684091052,646.196817670982,0.472155280478097,0.678870486360818,"153","Ack_Ka_3"
154,"Ack_Ka_3",0.577238045917502,0.0525066122345212,644.05436172411,0.474133219501605,0.680342872333399,"154","Ack_Ka_3"
155,"Ack_Ka_3",0.578963208415547,0.0523779184237291,641.91078963211,0.476110445495929,0.681815971335165,"155","Ack_Ka_3"
156,"Ack_Ka_3",0.580688370913592,0.0522495896542989,639.766215265126,0.478086953208602,0.683289788618581,"156","Ack_Ka_3"
157,"Ack_Ka_3",0.582413533411636,0.052121628622538,637.620753794673,0.480062737350799,0.684764329472474,"157","Ack_Ka_3"
158,"Ack_Ka_3",0.584138695909681,0.0519940380435322,635.474521686647,0.482037792597262,0.6862395992221,"158","Ack_Ka_3"
159,"Ack_Ka_3",0.585863858407726,0.0518668206511844,633.327636693487,0.48401211358624,0.687715603229212,"159","Ack_Ka_3"
160,"Ack_Ka_3",0.587589020905771,0.0517399791982498,631.180217846127,0.485985694919424,0.689192346892117,"160","Ack_Ka_3"
161,"Ack_Ka_3",0.589314183403815,0.051613516456369,629.032385445372,0.487958531161902,0.690669835645729,"161","Ack_Ka_3"
162,"Ack_Ka_3",0.59103934590186,0.0514874352160969,626.88426105271,0.489930616842108,0.692148074961612,"162","Ack_Ka_3"
163,"Ack_Ka_3",0.592764508399905,0.0513617382869294,624.735967480536,0.491901946451782,0.693627070348027,"163","Ack_Ka_3"
164,"Ack_Ka_3",0.594489670897949,0.0512364284973264,622.587628782223,0.493872514445938,0.695106827349961,"164","Ack_Ka_3"
165,"Ack_Ka_3",0.596214833395994,0.0511115086947313,620.439370241123,0.495842315242836,0.696587351549152,"165","Ack_Ka_3"
166,"Ack_Ka_3",0.597939995894039,0.0509869817455877,618.291318359563,0.497811343223962,0.698068648564116,"166","Ack_Ka_3"
167,"Ack_Ka_3",0.599665158392084,0.0508628505353519,616.143600847033,0.499779592734016,0.699550724050151,"167","Ack_Ka_3"
168,"Ack_Ka_3",0.601390320890128,0.0507391179685019,613.996346607993,0.501747058080907,0.70103358369935,"168","Ack_Ka_3"
169,"Ack_Ka_3",0.603115483388173,0.0506157869685428,611.849685728858,0.503713733535752,0.702517233240594,"169","Ack_Ka_3"
170,"Ack_Ka_3",0.604840645886218,0.0504928604780084,609.703749465014,0.505679613332891,0.704001678439545,"170","Ack_Ka_3"
171,"Ack_Ka_3",0.606565808384263,0.0503703414584582,607.55867022679,0.5076446916699,0.705486925098626,"171","Ack_Ka_3"
172,"Ack_Ka_3",0.608290970882307,0.0502482328904717,605.414581565119,0.509608962707617,0.706972979056997,"172","Ack_Ka_3"
173,"Ack_Ka_3",0.610016133380352,0.0501265377736368,603.271618156666,0.511572420570182,0.708459846190522,"173","Ack_Ka_3"
174,"Ack_Ka_3",0.611741295878397,0.0500052591265354,601.129915788543,0.51353505934507,0.709947532411723,"174","Ack_Ka_3"
175,"Ack_Ka_3",0.613466458376441,0.0498843999867234,598.989611342113,0.515496873083153,0.71143604366973,"175","Ack_Ka_3"
176,"Ack_Ka_3",0.615191620874486,0.0497639634107073,596.850842776815,0.517457855798751,0.712925385950222,"176","Ack_Ka_3"
177,"Ack_Ka_3",0.616916783372531,0.0496439524739155,594.713749112997,0.519418001469707,0.714415565275355,"177","Ack_Ka_3"
178,"Ack_Ka_3",0.618641945870576,0.0495243702706646,592.578470414613,0.521377304037467,0.715906587703684,"178","Ack_Ka_3"
179,"Ack_Ka_3",0.62036710836862,0.0494052199141219,590.445147771011,0.523335757407164,0.717398459330077,"179","Ack_Ka_3"
180,"Ack_Ka_3",0.622092270866665,0.0492865045362619,588.313923278594,0.52529335544772,0.71889118628561,"180","Ack_Ka_3"
181,"Ack_Ka_3",0.62381743336471,0.0491682272878179,586.184940021647,0.527250091991953,0.720384774737466,"181","Ack_Ka_3"
182,"Ack_Ka_3",0.625542595862755,0.0490503913382292,584.058342052965,0.529205960836698,0.721879230888811,"182","Ack_Ka_3"
183,"Ack_Ka_3",0.627267758360799,0.0489329998755819,581.934274373665,0.531160955742935,0.723374560978664,"183","Ack_Ka_3"
184,"Ack_Ka_3",0.628992920858844,0.0488160561065446,579.812882912795,0.533115070435926,0.724870771281762,"184","Ack_Ka_3"
185,"Ack_Ka_3",0.630718083356889,0.0486995632562991,577.694314506168,0.535068298605375,0.726367868108403,"185","Ack_Ka_3"
186,"Ack_Ka_3",0.632443245854934,0.0485835245684645,575.578716875007,0.537020633905581,0.727865857804286,"186","Ack_Ka_3"
187,"Ack_Ka_3",0.634168408352978,0.0484679433050161,573.466238603875,0.538972069955618,0.729364746750339,"187","Ack_Ka_3"
188,"Ack_Ka_3",0.635893570851023,0.0483528227461983,571.357029118257,0.540922600339518,0.730864541362528,"188","Ack_Ka_3"
189,"Ack_Ka_3",0.637618733349068,0.0482381661904309,569.251238661549,0.54287221860647,0.732365248091665,"189","Ack_Ka_3"
190,"Ack_Ka_3",0.639343895847112,0.0481239769542102,567.149018271822,0.54482091827103,0.733866873423195,"190","Ack_Ka_3"
191,"Ack_Ka_3",0.641069058345157,0.0480102583720023,565.050519757871,0.546768692813341,0.735369423876973,"191","Ack_Ka_3"
192,"Ack_Ka_3",0.642794220843202,0.0478970137961318,562.955895674948,0.548715535679372,0.736872906007032,"192","Ack_Ka_3"
193,"Ack_Ka_3",0.644519383341247,0.047784246596662,560.865299300085,0.550661440281162,0.738377326401331,"193","Ack_Ka_3"
194,"Ack_Ka_3",0.646244545839291,0.0476719601612701,558.778884606984,0.552606399997085,0.739882691681498,"194","Ack_Ka_3"
195,"Ack_Ka_3",0.647969708337336,0.0475601578951142,556.696806240392,0.554550408172119,0.741389008502553,"195","Ack_Ka_3"
196,"Ack_Ka_3",0.649694870835381,0.0474488432206942,554.619219490139,0.55649345811814,0.742896283552621,"196","Ack_Ka_3"
197,"Ack_Ka_3",0.651420033333426,0.047338019577705,552.546280264828,0.558435543114222,0.744404523552629,"197","Ack_Ka_3"
198,"Ack_Ka_3",0.65314519583147,0.0472276904228833,550.478145065115,0.560376656406951,0.74591373525599,"198","Ack_Ka_3"
199,"Ack_Ka_3",0.654870358329515,0.0471178592298459,548.414970956498,0.562316791210758,0.747423925448272,"199","Ack_Ka_3"
200,"Ack_Ka_3",0.65659552082756,0.0470085294889215,546.356915541933,0.564255940708264,0.748935100946856,"200","Ack_Ka_3"
201,"Ack_Ka_3",0.658320683325605,0.0468997047069741,544.304136933892,0.566194098050639,0.75044726860057,"201","Ack_Ka_3"
202,"Ack_Ka_3",0.660045845823649,0.0467913884072197,542.256793726369,0.568131256357979,0.751960435289319,"202","Ack_Ka_3"
203,"Ack_Ka_3",0.661771008321694,0.0466835841290337,540.215044966201,0.570067408719694,0.753474607923694,"203","Ack_Ka_3"
204,"Ack_Ka_3",0.663496170819739,0.0465762954277515,538.17905012438,0.572002548194916,0.754989793444561,"204","Ack_Ka_3"
205,"Ack_Ka_3",0.665221333317783,0.0464695258744606,536.148969066865,0.57393666781292,0.756505998822646,"205","Ack_Ka_3"
206,"Ack_Ka_3",0.666946495815828,0.0463632790557839,534.124962025304,0.575869760573563,0.758023231058093,"206","Ack_Ka_3"
207,"Ack_Ka_3",0.668671658313873,0.0462575585736554,532.107189567278,0.577801819447736,0.75954149718001,"207","Ack_Ka_3"
208,"Ack_Ka_3",0.670396820811918,0.0461523680450872,530.095812566406,0.579732837377837,0.761060804245998,"208","Ack_Ka_3"
209,"Ack_Ka_3",0.672121983309962,0.0460477111019274,528.090992172194,0.581662807278256,0.762581159341668,"209","Ack_Ka_3"
210,"Ack_Ka_3",0.673847145808007,0.0459435913906096,526.092889779658,0.583591722035884,0.76410256958013,"210","Ack_Ka_3"
211,"Ack_Ka_3",0.675572308306052,0.0458400125718937,524.10166699879,0.585519574510628,0.765625042101475,"211","Ack_Ka_3"
212,"Ack_Ka_3",0.677297470804096,0.0457369783205974,522.117485623613,0.587446357535955,0.767148584072238,"212","Ack_Ka_3"
213,"Ack_Ka_3",0.679022633302141,0.0456344923253187,520.140507601341,0.589372063919444,0.768673202684838,"213","Ack_Ka_3"
214,"Ack_Ka_3",0.680747795800186,0.0455325582881492,518.17089500125,0.591296686443367,0.770198905157005,"214","Ack_Ka_3"
215,"Ack_Ka_3",0.682472958298231,0.0454311799243778,516.208809983342,0.593220217865274,0.771725698731187,"215","Ack_Ka_3"
216,"Ack_Ka_3",0.684198120796275,0.0453303609621853,514.254414767017,0.595142650918607,0.773253590673944,"216","Ack_Ka_3"
217,"Ack_Ka_3",0.68592328329432,0.0452301051423296,512.307871599451,0.597063978313328,0.774782588275312,"217","Ack_Ka_3"
218,"Ack_Ka_3",0.687648445792365,0.0451304162178206,510.369342724117,0.598984192736568,0.776312698848162,"218","Ack_Ka_3"
219,"Ack_Ka_3",0.68937360829041,0.0450312979535856,508.438990349024,0.600903286853289,0.77784392972753,"219","Ack_Ka_3"
220,"Ack_Ka_3",0.691098770788454,0.0449327541261254,506.516976615002,0.602821253306975,0.779376288269934,"220","Ack_Ka_3"
221,"Ack_Ka_3",0.692823933286499,0.0448347885231593,504.603463563897,0.604738084720329,0.780909781852669,"221","Ack_Ka_3"
222,"Ack_Ka_3",0.694549095784544,0.0447374049432614,502.698613106779,0.606653773696002,0.782444417873086,"222","Ack_Ka_3"
223,"Ack_Ka_3",0.696274258282588,0.0446406071954855,500.802586992147,0.608568312817333,0.783980203747844,"223","Ack_Ka_3"
224,"Ack_Ka_3",0.697999420780633,0.0445443990989807,498.915546774086,0.610481694649113,0.785517146912153,"224","Ack_Ka_3"
225,"Ack_Ka_3",0.699724583278678,0.0444487844825959,497.037653780569,0.612393911738363,0.787055254818993,"225","Ack_Ka_3"
226,"Ack_Ka_3",0.701449745776723,0.0443537671844747,495.169069081655,0.614304956615141,0.788594534938304,"226","Ack_Ka_3"
227,"Ack_Ka_3",0.703174908274767,0.0442593510516397,493.309953457898,0.616214821793359,0.790134994756176,"227","Ack_Ka_3"
228,"Ack_Ka_3",0.704900070772812,0.044165539939565,491.460467368774,0.618123499771626,0.791676641773998,"228","Ack_Ka_3"
229,"Ack_Ka_3",0.706625233270857,0.0440723377117404,489.620770921207,0.620030983034112,0.793219483507602,"229","Ack_Ka_3"
230,"Ack_Ka_3",0.708350395768902,0.0439797482392229,487.791023838265,0.621937264051426,0.794763527486377,"230","Ack_Ka_3"
231,"Ack_Ka_3",0.710075558266946,0.0438877754001786,485.971385427877,0.623842335281521,0.796308781252371,"231","Ack_Ka_3"
232,"Ack_Ka_3",0.711800720764991,0.0437964230794132,484.162014551936,0.625746189170616,0.797855252359366,"232","Ack_Ka_3"
233,"Ack_Ka_3",0.713525883263036,0.0437056951678925,482.363069595287,0.627648818154138,0.799402948371934,"233","Ack_Ka_3"
234,"Ack_Ka_3",0.71525104576108,0.0436155955622514,480.57470843514,0.629550214657685,0.800951876864476,"234","Ack_Ka_3"
235,"Ack_Ka_3",0.716976208259125,0.043526128164292,478.79708841064,0.631450371098012,0.802502045420238,"235","Ack_Ka_3"
236,"Ack_Ka_3",0.71870137075717,0.0434372968804714,477.030366292541,0.633349279884034,0.804053461630306,"236","Ack_Ka_3"
237,"Ack_Ka_3",0.720426533255215,0.0433491056213783,475.274698253368,0.635246933417851,0.805606133092579,"237","Ack_Ka_3"
238,"Ack_Ka_3",0.722151695753259,0.0432615583011979,473.530239837526,0.637143324095792,0.807160067410726,"238","Ack_Ka_3"
239,"Ack_Ka_3",0.723876858251304,0.0431746588371679,471.797145932032,0.639038444309485,0.808715272193123,"239","Ack_Ka_3"
240,"Ack_Ka_3",0.725602020749349,0.043088411149021,470.075570737267,0.640932286446938,0.810271755051759,"240","Ack_Ka_3"
241,"Ack_Ka_3",0.727327183247394,0.0430028191584188,468.365667738217,0.642824842893651,0.811829523601137,"241","Ack_Ka_3"
242,"Ack_Ka_3",0.729052345745438,0.0429178867883732,466.667589675897,0.644716106033737,0.81338858545714,"242","Ack_Ka_3"
243,"Ack_Ka_3",0.730777508243483,0.0428336179626576,464.981488519311,0.646606068251075,0.814948948235891,"243","Ack_Ka_3"
244,"Ack_Ka_3",0.732502670741528,0.0427500166052079,463.307515437522,0.648494721930476,0.816510619552579,"244","Ack_Ka_3"
245,"Ack_Ka_3",0.734227833239573,0.0426670866395111,461.645820772383,0.650382059458869,0.818073607020276,"245","Ack_Ka_3"
246,"Ack_Ka_3",0.735952995737617,0.0425848319879848,459.996554011431,0.65226807322651,0.819637918248725,"246","Ack_Ka_3"
247,"Ack_Ka_3",0.737678158235662,0.0425032565713451,458.359863761212,0.654152755628206,0.821203560843118,"247","Ack_Ka_3"
248,"Ack_Ka_3",0.739403320733707,0.0424223643079642,456.735897721203,0.656036099064571,0.822770542402843,"248","Ack_Ka_3"
249,"Ack_Ka_3",0.741128483231752,0.0423421591132175,455.124802657922,0.657918095943279,0.824338870520224,"249","Ack_Ka_3"
250,"Ack_Ka_3",0.742853645729796,0.0422626448988202,453.526724379669,0.659798738680364,0.825908552779229,"250","Ack_Ka_3"
251,"Ack_Ka_3",0.744578808227841,0.0421838255721535,451.941807711583,0.661678019701512,0.82747959675417,"251","Ack_Ka_3"
252,"Ack_Ka_3",0.746303970725886,0.0421057050355807,450.37019647127,0.663555931443394,0.829052010008377,"252","Ack_Ka_3"
253,"Ack_Ka_3",0.74802913322393,0.0420282871857529,448.812033444886,0.665432466355005,0.830625800092856,"253","Ack_Ka_3"
254,"Ack_Ka_3",0.749754295721975,0.0419515759129055,447.267460363609,0.667307616899022,0.832200974544928,"254","Ack_Ka_3"
255,"Ack_Ka_3",0.75147945822002,0.0418755751001436,445.7366178808,0.669181375553187,0.833777540886853,"255","Ack_Ka_3"
256,"Ack_Ka_3",0.753204620718065,0.0418002886227191,444.219645549467,0.671053734811699,0.83535550662443,"256","Ack_Ka_3"
257,"Ack_Ka_3",0.754929783216109,0.0417257203472968,442.716681800376,0.672924687186634,0.836934879245585,"257","Ack_Ka_3"
258,"Ack_Ka_3",0.756654945714154,0.0416518741312125,441.227863920659,0.674794225209367,0.838515666218941,"258","Ack_Ka_3"
259,"Ack_Ka_3",0.758380108212199,0.0415787538217209,439.753328032954,0.676662341432028,0.84009787499237,"259","Ack_Ka_3"
260,"Ack_Ka_3",0.760105270710243,0.041506363255235,438.293209074972,0.678529028428959,0.841681512991527,"260","Ack_Ka_3"
261,"Ack_Ka_3",0.761830433208288,0.0414347062565565,436.847640779893,0.680394278798202,0.843266587618375,"261","Ack_Ka_3"
262,"Ack_Ka_3",0.763555595706333,0.0413637866380979,435.416755656938,0.682258085162983,0.844853106249683,"262","Ack_Ka_3"
263,"Ack_Ka_3",0.765280758204378,0.0412936081990952,434.000684972829,0.684120440173234,0.846441076235521,"263","Ack_Ka_3"
264,"Ack_Ka_3",0.767005920702422,0.0412241747248146,432.599558733602,0.685981336507109,0.848030504897736,"264","Ack_Ka_3"
265,"Ack_Ka_3",0.768731083200467,0.0411554899857485,431.213505667032,0.687840766872528,0.849621399528407,"265","Ack_Ka_3"
266,"Ack_Ka_3",0.770456245698512,0.0410875577368064,429.842653205691,0.689698724008727,0.851213767388296,"266","Ack_Ka_3"
267,"Ack_Ka_3",0.772181408196557,0.0410203817164968,428.487127470507,0.691555200687827,0.852807615705286,"267","Ack_Ka_3"
268,"Ack_Ka_3",0.773906570694601,0.0409539656461027,427.147053254877,0.693410189716409,0.854402951672794,"268","Ack_Ka_3"
269,"Ack_Ka_3",0.775631733192646,0.0408883132288502,425.822554009398,0.695263683937104,0.855999782448188,"269","Ack_Ka_3"
270,"Ack_Ka_3",0.777356895690691,0.0408234281490705,424.51375182716,0.697115676230197,0.857598115151184,"270","Ack_Ka_3"
271,"Ack_Ka_3",0.779082058188735,0.0407593140713559,423.220767429593,0.69896615951524,0.859197956862231,"271","Ack_Ka_3"
272,"Ack_Ka_3",0.78080722068678,0.0406959746397096,421.943720152906,0.70081512675267,0.860799314620891,"272","Ack_Ka_3"
273,"Ack_Ka_3",0.782532383184825,0.0406334134766905,420.682727935013,0.702662570945445,0.862402195424205,"273","Ack_Ka_3"
274,"Ack_Ka_3",0.78425754568287,0.0405716341825525,419.437907303133,0.704508485140685,0.864006606225054,"274","Ack_Ka_3"
275,"Ack_Ka_3",0.785982708180914,0.0405106403343784,418.209373361909,0.706352862431318,0.865612553930511,"275","Ack_Ka_3"
276,"Ack_Ka_3",0.787707870678959,0.0404504354852111,416.997239782002,0.708195695957739,0.867220045400179,"276","Ack_Ka_3"
277,"Ack_Ka_3",0.789433033177004,0.0403910231631786,415.801618789394,0.710036978909473,0.868829087444535,"277","Ack_Ka_3"
278,"Ack_Ka_3",0.791158195675049,0.0403324068706171,414.622621155061,0.711876704526843,0.870439686823254,"278","Ack_Ka_3"
279,"Ack_Ka_3",0.792883358173093,0.0402745900831891,413.460356185302,0.713714866102645,0.872051850243541,"279","Ack_Ka_3"
280,"Ack_Ka_3",0.794608520671138,0.0402175762490005,412.314931712622,0.715551456983829,0.873665584358447,"280","Ack_Ka_3"
281,"Ack_Ka_3",0.796333683169183,0.0401613687877142,411.186454086935,0.717386470573176,0.87528089576519,"281","Ack_Ka_3"
282,"Ack_Ka_3",0.798058845667228,0.0401059710896613,410.075028167563,0.719219900330991,0.876897791003464,"282","Ack_Ka_3"
283,"Ack_Ka_3",0.799784008165272,0.0400513865149518,408.980757315575,0.721051739776783,0.878516276553761,"283","Ack_Ka_3"
284,"Ack_Ka_3",0.801509170663317,0.0399976183925834,407.903743386583,0.72288198249096,0.880136358835675,"284","Ack_Ka_3"
285,"Ack_Ka_3",0.803234333161362,0.03994467001955,406.844086724198,0.724710622116511,0.881758044206212,"285","Ack_Ka_3"
286,"Ack_Ka_3",0.804959495659406,0.03989254465995,405.80188615375,0.726537652360703,0.88338133895811,"286","Ack_Ka_3"
287,"Ack_Ka_3",0.806684658157451,0.0398412455440944,404.777238976675,0.728363066996759,0.885006249318143,"287","Ack_Ka_3"
288,"Ack_Ka_3",0.808409820655496,0.0397907758676165,403.770240965182,0.730186859865548,0.886632781445443,"288","Ack_Ka_3"
289,"Ack_Ka_3",0.810134983153541,0.039741138790582,402.780986357516,0.732009024877266,0.888260941429815,"289","Ack_Ka_3"
290,"Ack_Ka_3",0.811860145651585,0.0396923374366019,401.80956785347,0.73382955601311,0.88989073529006,"290","Ack_Ka_3"
291,"Ack_Ka_3",0.81358530814963,0.0396443748919464,400.856076610485,0.735648447326953,0.891522168972307,"291","Ack_Ka_3"
292,"Ack_Ka_3",0.815310470647675,0.0395972542046624,399.920602240069,0.737465692947008,0.893155248348342,"292","Ack_Ka_3"
293,"Ack_Ka_3",0.81703563314572,0.0395509783836946,399.003232804534,0.739281287077488,0.894789979213951,"293","Ack_Ka_3"
294,"Ack_Ka_3",0.818760795643764,0.0395055503980092,398.104054814294,0.741095224000255,0.896426367287273,"294","Ack_Ka_3"
295,"Ack_Ka_3",0.820485958141809,0.0394609731757234,397.223153225269,0.742907498076466,0.898064418207152,"295","Ack_Ka_3"
296,"Ack_Ka_3",0.822211120639854,0.0394172496032389,396.360611436841,0.744718103748197,0.89970413753151,"296","Ack_Ka_3"
297,"Ack_Ka_3",0.823936283137898,0.0393743825243807,395.516511290052,0.746527035540075,0.901345530735722,"297","Ack_Ka_3"
298,"Ack_Ka_3",0.825661445635943,0.0393323747395428,394.690933066068,0.748334288060874,0.902988603211012,"298","Ack_Ka_3"
299,"Ack_Ka_3",0.827386608133988,0.0392912290048396,393.883955485001,0.750139856005123,0.904633360262853,"299","Ack_Ka_3"
300,"Ack_Ka_3",0.829111770632033,0.0392509480312644,393.095655705005,0.75194373415468,0.906279807109386,"300","Ack_Ka_3"
301,"Ack_Ka_3",0.830836933130077,0.0392115344838563,392.326109321505,0.753745917380301,0.907927948879854,"301","Ack_Ka_3"
302,"Ack_Ka_3",0.832562095628122,0.0391729909808737,391.575390366906,0.755546400643194,0.90957779061305,"302","Ack_Ka_3"
303,"Ack_Ka_3",0.834287258126167,0.0391353200929792,390.843571310284,0.75734517899655,0.911229337255784,"303","Ack_Ka_3"
304,"Ack_Ka_3",0.836012420624212,0.0390985243424303,390.130723057413,0.759142247587058,0.912882593661365,"304","Ack_Ka_3"
305,"Ack_Ka_3",0.837737583122256,0.039062606202283,389.436914950959,0.760937601656407,0.914537564588106,"305","Ack_Ka_3"
306,"Ack_Ka_3",0.839462745620301,0.0390275680956041,388.762214770792,0.762731236542758,0.916194254697845,"306","Ack_Ka_3"
307,"Ack_Ka_3",0.841187908118346,0.0389934123946948,388.106688734561,0.764523147682203,0.917852668554489,"307","Ack_Ka_3"
308,"Ack_Ka_3",0.84291307061639,0.0389601414203263,387.470401498274,0.766313330610198,0.919512810622583,"308","Ack_Ka_3"
309,"Ack_Ka_3",0.844638233114435,0.038927757440986,386.853416157062,0.768101780962976,0.921174685265894,"309","Ack_Ka_3"
310,"Ack_Ka_3",0.84636339561248,0.0388962626721389,386.255794246092,0.769888494478932,0.922838296746028,"310","Ack_Ka_3"
311,"Ack_Ka_3",0.848088558110525,0.0388656592754986,385.677595741414,0.771673466999986,0.924503649221064,"311","Ack_Ka_3"
312,"Ack_Ka_3",0.84981372060857,0.0388359493583152,385.118879061014,0.773456694472919,0.92617074674422,"312","Ack_Ka_3"
313,"Ack_Ka_3",0.851538883106614,0.0388071349726756,384.579701065855,0.775238172950685,0.927839593262543,"313","Ack_Ka_3"
314,"Ack_Ka_3",0.853264045604659,0.0387792181148181,384.060117060929,0.777017898593691,0.929510192615627,"314","Ack_Ka_3"
315,"Ack_Ka_3",0.854989208102704,0.0387522007244642,383.560180796388,0.778795867671047,0.93118254853436,"315","Ack_Ka_3"
316,"Ack_Ka_3",0.856714370600748,0.0387260846841641,383.079944468532,0.780572076561798,0.932856664639699,"316","Ack_Ka_3"
317,"Ack_Ka_3",0.858439533098793,0.038700871818659,382.61945872099,0.782346521756108,0.934532544441478,"317","Ack_Ka_3"
318,"Ack_Ka_3",0.860164695596838,0.0386765638942611,382.178772645615,0.784119199856426,0.936210191337249,"318","Ack_Ka_3"
319,"Ack_Ka_3",0.861889858094882,0.0386531626182488,381.757933783542,0.785890107578618,0.937889608611147,"319","Ack_Ka_3"
320,"Ack_Ka_3",0.863615020592927,0.0386306696382819,381.356988126016,0.787659241753057,0.939570799432797,"320","Ack_Ka_3"
321,"Ack_Ka_3",0.865340183090972,0.0386090865418324,380.97598011525,0.78942659932569,0.941253766856254,"321","Ack_Ka_3"
322,"Ack_Ka_3",0.867065345589017,0.0385884148556363,380.614952645087,0.791192177359065,0.942938513818968,"322","Ack_Ka_3"
323,"Ack_Ka_3",0.868790508087061,0.0385686560451621,380.273947061641,0.792955973033323,0.9446250431408,"323","Ack_Ka_3"
324,"Ack_Ka_3",0.870515670585106,0.0385498115141009,379.953003163722,0.794717983647153,0.946313357523059,"324","Ack_Ka_3"
325,"Ack_Ka_3",0.872240833083151,0.0385318826038742,379.652159203148,0.796478206618713,0.948003459547589,"325","Ack_Ka_3"
326,"Ack_Ka_3",0.873965995581196,0.0385148705931635,379.371451884993,0.798236639486509,0.949695351675882,"326","Ack_Ka_3"
327,"Ack_Ka_3",0.87569115807924,0.0384987766974597,379.110916367456,0.799993279910242,0.951389036248239,"327","Ack_Ka_3"
328,"Ack_Ka_3",0.877416320577285,0.0384836020686338,378.870586261829,0.801748125671605,0.953084515482964,"328","Ack_Ka_3"
329,"Ack_Ka_3",0.87914148307533,0.0384693477945284,378.65049363198,0.803501174675057,0.954781791475602,"329","Ack_Ka_3"
330,"Ack_Ka_3",0.880866645573374,0.0384560148985718,378.450668993882,0.805252424948537,0.956480866198212,"330","Ack_Ka_3"
331,"Ack_Ka_3",0.882591808071419,0.0384436043394128,378.271141314793,0.807001874644154,0.958181741498684,"331","Ack_Ka_3"
332,"Ack_Ka_3",0.884316970569464,0.0384321170105785,378.111938012259,0.808749522038828,0.9598844191001,"332","Ack_Ka_3"
333,"Ack_Ka_3",0.886042133067509,0.0384215537401553,377.973084952842,0.810495365534887,0.961588900600131,"333","Ack_Ka_3"
334,"Ack_Ka_3",0.887767295565553,0.0384119152904906,377.85460645073,0.812239403660627,0.96329518747048,"334","Ack_Ka_3"
335,"Ack_Ka_3",0.889492458063598,0.0384032023579203,377.756525265919,0.813981635070828,0.965003281056369,"335","Ack_Ka_3"
336,"Ack_Ka_3",0.891217620561643,0.0383954155725167,377.678862602327,0.815722058547222,0.966713182576064,"336","Ack_Ka_3"
337,"Ack_Ka_3",0.892942783059688,0.0383885554978629,377.621638105512,0.817460672998926,0.96842489312045,"337","Ack_Ka_3"
338,"Ack_Ka_3",0.894667945557732,0.0383826226308481,377.584869860232,0.81919747746282,0.970138413652645,"338","Ack_Ka_3"
339,"Ack_Ka_3",0.896393108055777,0.0383776174014885,377.568574387646,0.820932471103894,0.97185374500766,"339","Ack_Ka_3"
340,"Ack_Ka_3",0.898118270553822,0.0383735401727718,377.572766642311,0.822665653215538,0.973570887892105,"340","Ack_Ka_3"
341,"Ack_Ka_3",0.899843433051867,0.0383703912405251,377.597460008905,0.824397023219796,0.975289842883937,"341","Ack_Ka_3"
342,"Ack_Ka_3",0.901568595549911,0.0383681708333088,377.642666298586,0.826126580667567,0.977010610432256,"342","Ack_Ka_3"
343,"Ack_Ka_3",0.903293758047956,0.0383668791123322,377.708395745245,0.827854325238772,0.978733190857141,"343","Ack_Ka_3"
344,"Ack_Ka_3",0.905018920546001,0.0383665161713962,377.794657001292,0.829580256742466,0.980457584349536,"344","Ack_Ka_3"
345,"Ack_Ka_3",0.906744083044045,0.0383670820368587,377.901457133313,0.831304375116906,0.982183790971185,"345","Ack_Ka_3"
346,"Ack_Ka_3",0.90846924554209,0.0383685766676253,378.028801617357,0.833026680429582,0.983911810654599,"346","Ack_Ka_3"
347,"Ack_Ka_3",0.910194408040135,0.038370999955164,378.17669433402,0.834747172877187,0.985641643203083,"347","Ack_Ka_3"
348,"Ack_Ka_3",0.91191957053818,0.0383743517235443,378.345137563225,0.836465852785558,0.987373288290801,"348","Ack_Ka_3"
349,"Ack_Ka_3",0.913644733036224,0.0383786317295019,378.534131978713,0.838182720609564,0.989106745462885,"349","Ack_Ka_3"
350,"Ack_Ka_3",0.915369895534269,0.0383838396625264,378.743676642346,0.839897776932942,0.990842014135596,"350","Ack_Ka_3"
351,"Ack_Ka_3",0.917095058032314,0.0383899751449734,378.973768998098,0.841611022468105,0.992579093596522,"351","Ack_Ka_3"
352,"Ack_Ka_3",0.918820220530359,0.0383970377322025,379.224404865787,0.843322458055888,0.994317983004829,"352","Ack_Ka_3"
353,"Ack_Ka_3",0.920545383028403,0.0384050269127367,379.495578434604,0.845032084665255,0.996058681391551,"353","Ack_Ka_3"
354,"Ack_Ka_3",0.922270545526448,0.0384139421084484,379.787282256429,0.846739903392971,0.997801187659925,"354","Ack_Ka_3"
355,"Ack_Ka_3",0.923995708024493,0.0384237826747677,380.099507238804,0.84844591546321,0.999545500585775,"355","Ack_Ka_3"
356,"Ack_Ka_3",0.925720870522537,0.0384345479009143,380.432242637867,0.850150122227141,1.00129161881793,"356","Ack_Ka_3"
357,"Ack_Ka_3",0.927446033020582,0.038446237010154,380.785476050915,0.851852525162451,1.00303954087871,"357","Ack_Ka_3"
358,"Ack_Ka_3",0.929171195518627,0.0384588491600767,381.159193408889,0.853553125872837,1.00478926516442,"358","Ack_Ka_3"
359,"Ack_Ka_3",0.930896358016672,0.0384723834428994,381.553378968595,0.855251926087453,1.00654078994589,"359","Ack_Ka_3"
360,"Ack_Ka_3",0.932621520514716,0.0384868388857904,381.968015304829,0.856948927660309,1.00829411336912,"360","Ack_Ka_3"
361,"Ack_Ka_3",0.934346683012761,0.0385022144512162,382.403083302255,0.858644132569635,1.01004923345589,"361","Ack_Ka_3"
362,"Ack_Ka_3",0.936071845510806,0.0385185090373114,382.858562147284,0.860337542917198,1.01180614810441,"362","Ack_Ka_3"
363,"Ack_Ka_3",0.937797008008851,0.03853572147827,383.334429319629,0.862029160927584,1.01356485509012,"363","Ack_Ka_3"
364,"Ack_Ka_3",0.939522170506895,0.0385538505447575,383.830660583887,0.863718988947433,1.01532535206636,"364","Ack_Ka_3"
365,"Ack_Ka_3",0.94124733300494,0.0385728949443461,384.347229981034,0.865407029444636,1.01708763656524,"365","Ack_Ka_3"
366,"Ack_Ka_3",0.942972495502985,0.0385928533219683,384.884109819735,0.867093285007501,1.01885170599847,"366","Ack_Ka_3"
367,"Ack_Ka_3",0.944697658001029,0.0386137242603937,385.441270667644,0.868777758343867,1.02061755765819,"367","Ack_Ka_3"
368,"Ack_Ka_3",0.946422820499074,0.0386355062807235,386.018681342708,0.870460452280188,1.02238518871796,"368","Ack_Ka_3"
369,"Ack_Ka_3",0.948147982997119,0.0386581978429062,386.616308904356,0.872141369760582,1.02415459623366,"369","Ack_Ka_3"
370,"Ack_Ka_3",0.949873145495164,0.0386817973462725,387.234118644698,0.873820513845836,1.02592577714449,"370","Ack_Ka_3"
371,"Ack_Ka_3",0.951598307993208,0.0387063031300878,387.872074079826,0.875497887712384,1.02769872827403,"371","Ack_Ka_3"
372,"Ack_Ka_3",0.953323470491253,0.0387317134741256,388.530136940958,0.877173494651241,1.02947344633126,"372","Ack_Ka_3"
373,"Ack_Ka_3",0.955048632989298,0.0387580265992557,389.208267165867,0.878847338066914,1.03124992791168,"373","Ack_Ka_3"
374,"Ack_Ka_3",0.956773795487343,0.0387852406680535,389.906422890106,0.880519421476266,1.03302816949842,"374","Ack_Ka_3"
375,"Ack_Ka_3",0.958498957985387,0.0388133537854227,390.624560438598,0.882189748507361,1.03480816746341,"375","Ack_Ka_3"
376,"Ack_Ka_3",0.960224120483432,0.0388423639992379,391.362634317145,0.883858322898269,1.0365899180686,"376","Ack_Ka_3"
377,"Ack_Ka_3",0.961949282981477,0.0388722693010012,392.120597204133,0.885525148495843,1.03837341746711,"377","Ack_Ka_3"
378,"Ack_Ka_3",0.963674445479521,0.0389030676265146,392.898399942348,0.887190229254468,1.04015866170457,"378","Ack_Ka_3"
379,"Ack_Ka_3",0.965399607977566,0.0389347568565689,393.695991531084,0.888853569234776,1.04194564672036,"379","Ack_Ka_3"
380,"Ack_Ka_3",0.967124770475611,0.0389673348176449,394.513319118312,0.890515172602338,1.04373436834888,"380","Ack_Ka_3"
381,"Ack_Ka_3",0.968849932973656,0.0390007992826315,395.350327993121,0.892175043626328,1.04552482232098,"381","Ack_Ka_3"
382,"Ack_Ka_3",0.9705750954717,0.0390351479715541,396.206961578404,0.893833186678159,1.04731700426524,"382","Ack_Ka_3"
383,"Ack_Ka_3",0.972300257969745,0.0390703785523187,397.083161423816,0.895489606230095,1.0491109097094,"383","Ack_Ka_3"
384,"Ack_Ka_3",0.97402542046779,0.0391064886414672,397.978867198954,0.89714430685384,1.05090653408174,"384","Ack_Ka_3"
385,"Ack_Ka_3",0.975750582965835,0.0391434758049444,398.894016686965,0.898797293219104,1.05270387271256,"385","Ack_Ka_3"
386,"Ack_Ka_3",0.977475745463879,0.0391813375588773,399.828545778304,0.900448570092143,1.05450292083562,"386","Ack_Ka_3"
387,"Ack_Ka_3",0.979200907961924,0.0392200713703641,400.782388465074,0.90209814233428,1.05630367358957,"387","Ack_Ka_3"
388,"Ack_Ka_3",0.980926070459969,0.0392596746582745,401.755476835446,0.903746014900412,1.05810612601953,"388","Ack_Ka_3"
389,"Ack_Ka_3",0.982651232958013,0.0393001447940594,402.747741068804,0.905392192837486,1.05991027307854,"389","Ack_Ka_3"
390,"Ack_Ka_3",0.984376395456058,0.0393414791025688,403.759109431011,0.907036681282966,1.06171610962915,"390","Ack_Ka_3"
391,"Ack_Ka_3",0.986101557954103,0.0393836748628797,404.789508270296,0.908679485463283,1.06352363044492,"391","Ack_Ka_3"
392,"Ack_Ka_3",0.987826720452148,0.0394267293091317,405.838862013509,0.910320610692257,1.06533283021204,"392","Ack_Ka_3"
393,"Ack_Ka_3",0.989551882950192,0.0394706396313691,406.907093162935,0.911960062369524,1.06714370353086,"393","Ack_Ka_3"
394,"Ack_Ka_3",0.991277045448237,0.0395154029763917,407.994122293496,0.91359784597893,1.06895624491754,"394","Ack_Ka_3"
395,"Ack_Ka_3",0.993002207946282,0.0395610164486101,409.099868050555,0.915233967086921,1.07077044880564,"395","Ack_Ka_3"
396,"Ack_Ka_3",0.994727370444327,0.0396074771109082,410.224247148282,0.916868431340922,1.07258630954773,"396","Ack_Ka_3"
397,"Ack_Ka_3",0.996452532942371,0.0396547819855108,411.36717436843,0.918501244467702,1.07440382141704,"397","Ack_Ka_3"
398,"Ack_Ka_3",0.998177695440416,0.0397029280548552,412.528562559904,0.920132412271725,1.07622297860911,"398","Ack_Ka_3"
399,"Ack_Ka_3",0.999902857938461,0.0397519122624685,413.708322638731,0.921761940633503,1.07804377524342,"399","Ack_Ka_3"
400,"Ack_Ka_3",1.00162802043651,0.0398017315138464,414.906363588731,0.923389835507931,1.07986620536508,"400","Ack_Ka_3"
401,"Ack_Ka_3",1.00335318293455,0.0398523826773379,416.122592462863,0.925016102922614,1.08169026294649,"401","Ack_Ka_3"
402,"Ack_Ka_3",1.0050783454326,0.0399038625850306,417.35691438508,0.926640748976201,1.08351594188899,"402","Ack_Ka_3"
403,"Ack_Ka_3",1.00680350793064,0.0399561680336388,418.609232552992,0.928263779836694,1.08534323602459,"403","Ack_Ka_3"
404,"Ack_Ka_3",1.00852867042868,0.0400092957853935,419.879448241122,0.929885201739775,1.08717213911759,"404","Ack_Ka_3"
405,"Ack_Ka_3",1.01025383292673,0.0400632425689332,421.16746080485,0.931505020987106,1.08900264486635,"405","Ack_Ka_3"
406,"Ack_Ka_3",1.01197899542477,0.0401180050801957,422.473167685095,0.933123243944649,1.0908347469049,"406","Ack_Ka_3"
407,"Ack_Ka_3",1.01370415792282,0.0401735799833097,423.796464413794,0.934739877040967,1.09266843880467,"407","Ack_Ka_3"
408,"Ack_Ka_3",1.01542932042086,0.0402299639114865,425.137244619808,0.936354926765534,1.09450371407619,"408","Ack_Ka_3"
409,"Ack_Ka_3",1.01715448291891,0.0402871534679107,426.495400036098,0.937968399667043,1.09634056617077,"409","Ack_Ka_3"
410,"Ack_Ka_3",1.01887964541695,0.0403451452266293,427.870820507039,0.939580302351717,1.09817898848219,"410","Ack_Ka_3"
411,"Ack_Ka_3",1.020604807915,0.0404039357334406,429.263393997015,0.941190641481612,1.10001897434838,"411","Ack_Ka_3"
412,"Ack_Ka_3",1.02232997041304,0.0404635215067784,430.673006599449,0.942799423772942,1.10186051705314,"412","Ack_Ka_3"
413,"Ack_Ka_3",1.02405513291109,0.040523899038597,432.099542546837,0.944406655994387,1.10370360982779,"413","Ack_Ka_3"
414,"Ack_Ka_3",1.02578029540913,0.0405850647952499,433.542884221418,0.946012344965419,1.10554824585284,"414","Ack_Ka_3"
415,"Ack_Ka_3",1.02750545790718,0.0406470152183677,435.002912166681,0.947616497554626,1.10739441825973,"415","Ack_Ka_3"
416,"Ack_Ka_3",1.02923062040522,0.0407097467257308,436.479505099733,0.949219120678051,1.10924212013239,"416","Ack_Ka_3"
417,"Ack_Ka_3",1.03095578290327,0.0407732557121384,437.972539924413,0.950820221297523,1.11109134450901,"417","Ack_Ka_3"
418,"Ack_Ka_3",1.03268094540131,0.0408375385502733,439.481891745202,0.952419806419011,1.11294208438361,"418","Ack_Ka_3"
419,"Ack_Ka_3",1.03440610789936,0.040902591591561,441.007433882012,0.954017883090977,1.11479433270773,"419","Ack_Ka_3"
420,"Ack_Ka_3",1.0361312703974,0.0409684111670245,442.549037885742,0.955614458402739,1.11664808239206,"420","Ack_Ka_3"
421,"Ack_Ka_3",1.03785643289544,0.0410349935881322,444.106573554631,0.957209539482845,1.11850332630805,"421","Ack_Ka_3"
422,"Ack_Ka_3",1.03958159539349,0.0411023351476421,445.679908951512,0.958803133497458,1.12036005728952,"422","Ack_Ka_3"
423,"Ack_Ka_3",1.04130675789153,0.0411704321204365,447.268910421759,0.960395247648751,1.12221826813432,"423","Ack_Ka_3"
424,"Ack_Ka_3",1.04303192038958,0.0412392807643539,448.873442612177,0.96198588917331,1.12407795160585,"424","Ack_Ka_3"
425,"Ack_Ka_3",1.04475708288762,0.0413088773210105,450.493368490575,0.963575065340555,1.12593910043469,"425","Ack_Ka_3"
426,"Ack_Ka_3",1.04648224538567,0.0413792180166171,452.128549366293,0.965162783451169,1.12780170732017,"426","Ack_Ka_3"
427,"Ack_Ka_3",1.04820740788371,0.0414502990627874,453.778844911359,0.966749050835544,1.12966576493188,"427","Ack_Ka_3"
428,"Ack_Ka_3",1.04993257038176,0.0415221166573388,455.444113182589,0.968333874852233,1.13153126591128,"428","Ack_Ka_3"
429,"Ack_Ka_3",1.0516577328798,0.0415946669850853,457.124210644446,0.969917262886429,1.13339820287318,"429","Ack_Ka_3"
430,"Ack_Ka_3",1.05338289537785,0.0416679462186221,458.818992192599,0.971499222348446,1.13526656840725,"430","Ack_Ka_3"
431,"Ack_Ka_3",1.05510805787589,0.0417419505191021,460.528311178366,0.973079760672222,1.13713635507956,"431","Ack_Ka_3"
432,"Ack_Ka_3",1.05683322037394,0.0418166760370035,462.252019433858,0.974658885313835,1.13900755543404,"432","Ack_Ka_3"
433,"Ack_Ka_3",1.05855838287198,0.0418921189128886,463.989967297907,0.976236603750037,1.14088016199393,"433","Ack_Ka_3"
434,"Ack_Ka_3",1.06028354537003,0.0419682752781532,465.742003642721,0.977812923476803,1.14275416726325,"434","Ack_Ka_3"
435,"Ack_Ka_3",1.06200870786807,0.0420451412557674,467.507975901349,0.979387852007896,1.14462956372825,"435","Ack_Ka_3"
436,"Ack_Ka_3",1.06373387036612,0.0421227129610068,469.287730095685,0.980961396873452,1.14650634385878,"436","Ack_Ka_3"
437,"Ack_Ka_3",1.06545903286416,0.0422009865021739,471.081110865414,0.98253356561858,1.14838450010974,"437","Ack_Ka_3"
438,"Ack_Ka_3",1.06718419536221,0.0422799579813096,472.887961497445,0.984104365801978,1.15026402492243,"438","Ack_Ka_3"
439,"Ack_Ka_3",1.06890935786025,0.0423596234948955,474.708123956238,0.985673804994576,1.15214491072592,"439","Ack_Ka_3"
440,"Ack_Ka_3",1.07063452035829,0.0424399791345453,476.541438914576,0.987241890778183,1.15402714993841,"440","Ack_Ka_3"
441,"Ack_Ka_3",1.07235968285634,0.0425210209876871,478.387745785082,0.988808630744166,1.15591073496851,"441","Ack_Ka_3"
442,"Ack_Ka_3",1.07408484535438,0.0426027451382347,480.246882752428,0.990374032492143,1.15779565821663,"442","Ack_Ka_3"
443,"Ack_Ka_3",1.07581000785243,0.0426851476672481,482.118686806099,0.99193810362869,1.15968191207617,"443","Ack_Ka_3"
444,"Ack_Ka_3",1.07753517035047,0.042768224653585,484.002993773686,0.993500851766078,1.16156948893487,"444","Ack_Ka_3"
445,"Ack_Ka_3",1.07926033284852,0.0428519721745408,485.899638354892,0.99506228452102,1.16345838117602,"445","Ack_Ka_3"
446,"Ack_Ka_3",1.08098549534656,0.0429363863064774,487.80845415598,0.996622409513442,1.16534858117968,"446","Ack_Ka_3"
447,"Ack_Ka_3",1.08271065784461,0.0430214631254431,489.729273724825,0.998181234365275,1.16724008132394,"447","Ack_Ka_3"
448,"Ack_Ka_3",1.08443582034265,0.0431071987077798,491.661928586391,0.999738766699264,1.16913287398604,"448","Ack_Ka_3"
449,"Ack_Ka_3",1.0861609828407,0.0431935891307205,493.606249278917,1.0012950141378,1.1710269515436,"449","Ack_Ka_3"
450,"Ack_Ka_3",1.08788614533874,0.0432806304729767,495.562065390293,1.00284998430176,1.17292230637572,"450","Ack_Ka_3"
451,"Ack_Ka_3",1.08961130783679,0.043368318815312,497.529205594999,1.00440368480941,1.17481893086416,"451","Ack_Ka_3"
452,"Ack_Ka_3",1.09133647033483,0.0434566502411092,499.507497691657,1.00595612327525,1.17671681739441,"452","Ack_Ka_3"
453,"Ack_Ka_3",1.09306163283288,0.0435456208369222,501.496768640638,1.00750730730897,1.17861595835678,"453","Ack_Ka_3"
454,"Ack_Ka_3",1.09478679533092,0.0436352266930201,503.49684460235,1.00905724451436,1.18051634614749,"454","Ack_Ka_3"
455,"Ack_Ka_3",1.09651195782897,0.0437254639039182,505.507550975691,1.01060594248824,1.18241797316969,"455","Ack_Ka_3"
456,"Ack_Ka_3",1.09823712032701,0.0438163285689,507.528712437019,1.0121534088195,1.18432083183452,"456","Ack_Ka_3"
457,"Ack_Ka_3",1.09996228282506,0.0439078167925268,509.560152979189,1.01369965108804,1.18622491456207,"457","Ack_Ka_3"
458,"Ack_Ka_3",1.1016874453231,0.0439999246851373,511.60169595114,1.0152446768638,1.1881302137824,"458","Ack_Ka_3"
459,"Ack_Ka_3",1.10341260782114,0.0440926483633356,513.653164097467,1.01678849370578,1.19003672193651,"459","Ack_Ka_3"
460,"Ack_Ka_3",1.10513777031919,0.0441859839504691,515.714379598523,1.01833110916114,1.19194443147724,"460","Ack_Ka_3"
461,"Ack_Ka_3",1.10686293281723,0.0442799275770954,517.785164110464,1.01987253076423,1.19385333487023,"461","Ack_Ka_3"
462,"Ack_Ka_3",1.10858809531528,0.0443744753814382,519.865338805634,1.02141276603572,1.19576342459483,"462","Ack_Ka_3"
463,"Ack_Ka_3",1.11031325781332,0.0444696235098328,521.954724413059,1.02295182248169,1.19767469314495,"463","Ack_Ka_3"
464,"Ack_Ka_3",1.11203842031137,0.0445653681171606,524.053141259094,1.0244897075928,1.19958713302994,"464","Ack_Ka_3"
465,"Ack_Ka_3",1.11376358280941,0.0446617053672735,526.160409308175,1.0260264288434,1.20150073677543,"465","Ack_Ka_3"
466,"Ack_Ka_3",1.11548874530746,0.0447586314334072,528.276348203536,1.02756199369076,1.20341549692415,"466","Ack_Ka_3"
467,"Ack_Ka_3",1.1172139078055,0.0448561424985853,530.400777308326,1.02909640957425,1.20533140603675,"467","Ack_Ka_3"
468,"Ack_Ka_3",1.11893907030355,0.0449542347560111,532.533515746271,1.03062968391454,1.20724845669255,"468","Ack_Ka_3"
469,"Ack_Ka_3",1.12066423280159,0.0450529044094503,534.674382442669,1.03216182411286,1.20916664149032,"469","Ack_Ka_3"
470,"Ack_Ka_3",1.12238939529964,0.0451521476736038,536.823196165419,1.03369283755024,1.21108595304903,"470","Ack_Ka_3"
471,"Ack_Ka_3",1.12411455779768,0.0452519607744695,538.979775565739,1.03522273158682,1.21300638400855,"471","Ack_Ka_3"
472,"Ack_Ka_3",1.12583972029573,0.0453523399496948,541.143939218913,1.03675151356108,1.21492792703037,"472","Ack_Ka_3"
473,"Ack_Ka_3",1.12756488279377,0.0454532814489185,543.315505665236,1.03827919078924,1.2168505747983,"473","Ack_Ka_3"
474,"Ack_Ka_3",1.12929004529182,0.0455547815341032,545.49429345027,1.03980577056453,1.2187743200191,"474","Ack_Ka_3"
475,"Ack_Ka_3",1.13101520778986,0.0456568364798578,547.680121165491,1.04133126015656,1.22069915542316,"475","Ack_Ka_3"
476,"Ack_Ka_3",1.13274037028791,0.0457594425737512,549.872807488559,1.04285566681072,1.22262507376509,"476","Ack_Ka_3"
477,"Ack_Ka_3",1.13446553278595,0.0458625961166149,552.072171223332,1.04437899774751,1.22455206782439,"477","Ack_Ka_3"
478,"Ack_Ka_3",1.13619069528399,0.0459662934228377,554.278031339633,1.04590126016203,1.22648013040596,"478","Ack_Ka_3"
479,"Ack_Ka_3",1.13791585778204,0.0460705308206496,556.490207013284,1.04742246122332,1.22840925434076,"479","Ack_Ka_3"
480,"Ack_Ka_3",1.13964102028008,0.0461753046523981,558.708517664965,1.04894260807386,1.2303394324863,"480","Ack_Ka_3"
481,"Ack_Ka_3",1.14136618277813,0.0462806112748146,560.932782999708,1.05046170782904,1.23227065772722,"481","Ack_Ka_3"
482,"Ack_Ka_3",1.14309134527617,0.0463864470592712,563.162823045593,1.05197976757657,1.23420292297577,"482","Ack_Ka_3"
483,"Ack_Ka_3",1.14481650777422,0.0464928083920295,565.398458192137,1.05349679437607,1.23613622117236,"483","Ack_Ka_3"
484,"Ack_Ka_3",1.14654167027226,0.0465996916744815,567.639509228521,1.05501279525851,1.23807054528601,"484","Ack_Ka_3"
485,"Ack_Ka_3",1.14826683277031,0.0467070933233792,569.885797381433,1.05652777722578,1.24000588831484,"485","Ack_Ka_3"
486,"Ack_Ka_3",1.14999199526835,0.0468150097710587,572.137144352346,1.0580417472502,1.2419422432865,"486","Ack_Ka_3"
487,"Ack_Ka_3",1.1517171577664,0.0469234374656541,574.393372354541,1.05955471227414,1.24387960325865,"487","Ack_Ka_3"
488,"Ack_Ka_3",1.15344232026444,0.0470323728713034,576.654304149763,1.06106667920955,1.24581796131933,"488","Ack_Ka_3"
489,"Ack_Ka_3",1.15516748276249,0.0471418124683474,578.919763084274,1.06257765493757,1.24775731058741,"489","Ack_Ka_3"
490,"Ack_Ka_3",1.15689264526053,0.047251752753519,581.189573124646,1.06408764630814,1.24969764421292,"490","Ack_Ka_3"
491,"Ack_Ka_3",1.15861780775858,0.0473621902401263,583.463558892853,1.06559666013963,1.25163895537752,"491","Ack_Ka_3"
492,"Ack_Ka_3",1.16034297025662,0.047473121458226,585.741545701016,1.0671047032185,1.25358123729474,"492","Ack_Ka_3"
493,"Ack_Ka_3",1.16206813275467,0.0475845429547916,588.02335958581,1.06861178229889,1.25552448321044,"493","Ack_Ka_3"
494,"Ack_Ka_3",1.16379329525271,0.0476964512938717,590.30882734189,1.07011790410239,1.25746868640303,"494","Ack_Ka_3"
495,"Ack_Ka_3",1.16551845775075,0.0478088430567431,592.597776555335,1.07162307531763,1.25941384018388,"495","Ack_Ka_3"
496,"Ack_Ka_3",1.1672436202488,0.0479217148420553,594.890035635971,1.07312730260003,1.26135993789757,"496","Ack_Ka_3"
497,"Ack_Ka_3",1.16896878274684,0.0480350632659684,597.185433849791,1.07463059257152,1.26330697292216,"497","Ack_Ka_3"
498,"Ack_Ka_3",1.17069394524489,0.0481488849622841,599.483801350149,1.07613295182024,1.26525493866954,"498","Ack_Ka_3"
499,"Ack_Ka_3",1.17241910774293,0.0482631765825695,601.784969208736,1.07763438690029,1.26720382858558,"499","Ack_Ka_3"
500,"Ack_Ka_3",1.17414427024098,0.0483779347962753,604.088769446045,1.07913490433148,1.26915363615048,"500","Ack_Ka_3"
